rtcDate,rtcTime,gps_Lat,gps_Long,gps_AltMSL,gps_GroundSpeed,humidity_%,degC,
09/04/2024,17:48:02.74,0,0,-17000,0,16.59,38.79,
09/04/2024,17:48:03.76,0,0,-17000,0,16.49,38.71,
09/04/2024,17:48:04.77,0,0,-17000,0,16.57,38.55,
09/04/2024,17:48:05.79,0,0,-17000,0,16.70,38.36,
09/04/2024,17:48:06.80,0,0,-17000,0,16.82,38.34,
09/04/2024,17:48:07.82,0,0,-17000,0,16.66,38.40,
09/04/2024,17:48:08.84,0,0,-17000,0,16.75,38.43,
09/04/2024,17:48:09.85,0,0,-17000,0,16.65,38.40,
09/04/2024,17:48:10.87,0,0,-17000,0,16.69,38.42,
09/04/2024,17:48:11.88,0,0,-17000,0,16.79,38.43,
09/04/2024,17:48:12.90,0,0,-17000,0,16.67,38.39,
09/04/2024,17:48:13.91,0,0,-17000,0,16.89,38.48,
09/04/2024,17:48:14.93,0,0,-17000,0,16.73,38.47,
09/04/2024,17:48:15.94,0,0,-17000,0,16.67,38.48,
09/04/2024,17:48:16.96,0,0,-17000,0,16.60,38.32,
09/04/2024,17:48:17.97,0,0,-17000,0,16.66,38.39,
09/04/2024,17:48:18.99,0,0,-17000,0,16.50,38.29,
09/04/2024,17:48:20.00,0,0,-17000,0,16.75,38.29,
09/04/2024,17:48:21.02,0,0,-17000,0,16.70,38.27,
09/04/2024,17:48:22.03,0,0,-17000,0,16.80,38.09,
09/04/2024,17:48:23.05,0,0,-17000,0,17.06,38.24,
09/04/2024,17:48:24.06,0,0,-17000,0,17.00,38.35,
09/04/2024,17:48:25.08,0,0,-17000,0,17.13,38.44,
09/04/2024,17:48:26.09,0,0,-17000,0,16.97,38.38,
09/04/2024,17:48:27.11,0,0,-17000,0,16.88,38.36,
09/04/2024,17:48:28.12,0,0,-17000,0,17.01,38.46,
09/04/2024,17:48:29.18,0,0,-17000,0,17.07,38.45,
09/04/2024,17:48:30.25,0,0,-17000,0,17.03,38.41,
09/04/2024,17:48:31.26,376764382,-1217393047,181234,35,16.90,38.38,
09/04/2024,17:48:32.28,376764354,-1217393070,181156,46,17.10,38.37,
09/04/2024,17:48:33.29,376764361,-1217393106,181162,6,17.07,38.27,
09/04/2024,17:48:34.31,376764360,-1217393134,180985,8,17.08,38.30,
09/04/2024,17:48:35.32,376764360,-1217393176,180641,29,17.02,38.06,
09/04/2024,17:48:36.34,376764363,-1217393204,180341,29,16.83,37.93,
09/04/2024,17:48:37.35,376764367,-1217393228,180118,30,17.05,37.96,
09/04/2024,17:48:38.36,376764368,-1217393232,179904,18,17.01,38.02,
09/04/2024,17:48:39.38,376764369,-1217393236,179734,10,16.91,37.95,
09/04/2024,17:48:40.39,376764370,-1217393229,179743,19,17.23,37.88,
09/04/2024,17:48:41.41,376764369,-1217393226,179637,31,17.23,37.77,
09/04/2024,17:48:42.42,376764367,-1217393219,179559,27,17.07,37.72,
09/04/2024,17:48:43.44,376764366,-1217393216,179432,34,17.35,37.63,
09/04/2024,17:48:44.45,376764364,-1217393211,179338,15,17.36,37.59,
09/04/2024,17:48:45.47,376764361,-1217393205,179263,4,17.50,37.58,
09/04/2024,17:48:46.48,376764358,-1217393201,179205,4,17.41,37.70,
09/04/2024,17:48:47.50,376764356,-1217393197,179142,2,17.38,37.79,
09/04/2024,17:48:48.51,376764355,-1217393193,179106,7,17.41,37.85,
09/04/2024,17:48:49.53,376764354,-1217393188,179076,7,17.32,37.84,
09/04/2024,17:48:50.54,376764353,-1217393189,178981,25,17.45,37.95,
09/04/2024,17:48:51.56,376764351,-1217393188,178898,8,17.19,37.83,
09/04/2024,17:48:52.57,376764351,-1217393189,178789,17,17.25,37.97,
09/04/2024,17:48:53.59,376764352,-1217393189,178711,18,17.16,37.94,
09/04/2024,17:48:54.60,376764352,-1217393185,178644,7,17.27,37.96,
09/04/2024,17:48:55.62,376764352,-1217393180,178583,14,17.15,37.94,
09/04/2024,17:48:56.63,376764352,-1217393182,178443,33,17.03,37.95,
09/04/2024,17:48:57.65,376764352,-1217393182,178342,13,16.88,37.80,
09/04/2024,17:48:58.66,376764351,-1217393180,178240,15,17.19,37.87,
09/04/2024,17:48:59.68,376764351,-1217393172,178091,6,17.14,37.67,
09/04/2024,17:49:01.06,376764351,-1217393169,178006,6,17.15,37.76,
09/04/2024,17:49:02.07,376764351,-1217393166,177912,3,16.92,37.69,
09/04/2024,17:49:03.09,376764352,-1217393165,177802,39,16.98,37.65,
09/04/2024,17:49:04.10,376764352,-1217393168,177673,51,17.28,37.68,
09/04/2024,17:49:05.12,376764355,-1217393169,177556,6,17.15,37.77,
09/04/2024,17:49:06.13,376764358,-1217393168,177455,39,17.19,37.75,
09/04/2024,17:49:07.15,376764360,-1217393168,177361,28,17.24,37.79,
09/04/2024,17:49:08.16,376764362,-1217393167,177260,22,17.09,37.86,
09/04/2024,17:49:09.18,376764362,-1217393165,177203,18,17.09,37.81,
09/04/2024,17:49:10.19,376764363,-1217393164,177132,11,17.11,37.97,
09/04/2024,17:49:11.21,376764363,-1217393163,177061,14,17.19,37.93,
09/04/2024,17:49:12.22,376764364,-1217393161,177024,25,16.98,37.96,
09/04/2024,17:49:13.24,376764366,-1217393161,176938,11,17.14,38.04,
09/04/2024,17:49:15.03,376764369,-1217393160,176927,8,17.17,38.15,
09/04/2024,17:49:16.09,376764369,-1217393157,176823,11,17.05,38.12,
09/04/2024,17:49:17.25,376764369,-1217393156,176724,44,16.88,38.18,
09/04/2024,17:49:18.26,376764369,-1217393154,176659,17,16.93,38.12,
09/04/2024,17:49:19.27,376764370,-1217393151,176598,8,16.89,38.18,
09/04/2024,17:49:20.29,376764370,-1217393149,176535,5,16.84,38.15,
09/04/2024,17:49:21.30,376764370,-1217393148,176508,3,16.97,37.99,
09/04/2024,17:49:22.32,376764371,-1217393145,176457,85,17.05,38.06,
09/04/2024,17:49:23.33,376764377,-1217393144,176415,284,17.15,38.11,
09/04/2024,17:49:24.35,376764397,-1217393144,176311,617,17.25,38.12,
09/04/2024,17:49:25.36,376764445,-1217393144,176228,902,17.15,37.93,
09/04/2024,17:49:26.38,376764519,-1217393142,176228,664,16.96,37.83,
09/04/2024,17:49:28.07,376764671,-1217393111,176125,658,16.90,37.72,
09/04/2024,17:49:29.08,376764728,-1217393088,175955,1259,16.79,37.72,
09/04/2024,17:49:30.10,376764808,-1217393020,175836,1819,16.89,37.83,
09/04/2024,17:49:31.11,376764900,-1217392876,175964,2213,16.97,37.76,
09/04/2024,17:49:32.13,376764974,-1217392659,176116,2873,16.81,37.99,
09/04/2024,17:49:33.14,376764998,-1217392365,176160,3697,16.69,37.98,
09/04/2024,17:49:34.16,376764983,-1217391976,176098,4331,16.84,37.94,
09/04/2024,17:49:35.17,376764970,-1217391507,176142,4891,16.82,37.90,
09/04/2024,17:49:36.18,376764964,-1217390973,176122,5411,16.78,37.77,
09/04/2024,17:49:37.20,376764964,-1217390378,176168,5842,16.84,37.66,
09/04/2024,17:49:38.21,376764966,-1217389731,176180,6676,16.89,37.59,
09/04/2024,17:49:39.23,376764967,-1217389003,176198,7240,16.97,37.45,
09/04/2024,17:49:40.24,376764965,-1217388202,176245,7396,17.02,37.30,
09/04/2024,17:49:41.26,376764962,-1217387369,176186,7376,17.09,37.12,
09/04/2024,17:49:42.27,376764956,-1217386532,176281,7411,17.31,37.11,
09/04/2024,17:49:43.29,376764950,-1217385691,175902,7217,17.37,36.98,
09/04/2024,17:49:44.30,376764945,-1217384868,175849,6968,17.43,36.70,
09/04/2024,17:49:45.32,376764952,-1217384072,175847,6585,17.72,36.54,
09/04/2024,17:49:46.33,376764983,-1217383318,175868,6295,17.77,36.47,
09/04/2024,17:49:47.34,376765060,-1217382607,175936,6079,17.67,36.56,
09/04/2024,17:49:48.36,376765212,-1217381942,175829,5944,18.01,36.55,
09/04/2024,17:49:49.37,376765452,-1217381340,175772,5996,18.24,36.34,
09/04/2024,17:49:50.39,376765788,-1217380816,175727,6085,18.49,36.34,
09/04/2024,17:49:51.40,376766215,-1217380391,175705,6250,18.57,36.16,
09/04/2024,17:49:52.42,376766718,-1217380095,175594,6462,18.55,36.02,
09/04/2024,17:49:53.43,376767277,-1217379936,175583,6805,18.44,35.82,
09/04/2024,17:49:54.44,376767878,-1217379858,175477,7141,18.72,35.79,
09/04/2024,17:49:55.46,376768512,-1217379791,175354,7505,18.70,35.58,
09/04/2024,17:49:56.47,376769176,-1217379719,175318,7704,18.99,35.58,
09/04/2024,17:49:57.49,376769863,-1217379651,175226,7718,19.10,35.45,
09/04/2024,17:49:58.50,376770556,-1217379580,175146,7684,19.29,35.38,
09/04/2024,17:49:59.51,376771246,-1217379500,175093,7424,19.55,35.23,
09/04/2024,17:50:00.53,376771920,-1217379427,174975,7200,19.71,35.23,
09/04/2024,17:50:01.54,376772575,-1217379418,174895,7200,19.65,35.12,
09/04/2024,17:50:02.56,376773768,-1217379784,174877,6775,19.62,35.16,
09/04/2024,17:50:03.57,376774291,-1217380204,174857,6960,19.92,35.15,
09/04/2024,17:50:04.58,376774785,-1217380755,174844,7471,19.67,35.16,
09/04/2024,17:50:05.60,376775272,-1217381393,174806,7937,19.64,35.13,
09/04/2024,17:50:06.61,376775754,-1217382087,174720,8172,19.67,35.02,
09/04/2024,17:50:07.63,376776225,-1217382791,174631,8071,19.61,34.90,
09/04/2024,17:50:08.64,376776661,-1217383503,174499,7850,19.67,34.91,
09/04/2024,17:50:09.65,376777019,-1217384246,174429,7582,19.67,34.80,
09/04/2024,17:50:10.67,376777263,-1217385032,174340,7439,19.52,34.74,
09/04/2024,17:50:11.68,376777371,-1217385852,174362,7336,19.91,34.86,
09/04/2024,17:50:12.69,376777354,-1217386683,174423,7384,19.95,34.75,
09/04/2024,17:50:13.71,376777235,-1217387512,174446,7496,19.99,34.87,
09/04/2024,17:50:14.72,376777056,-1217388330,174249,7514,19.99,34.93,
09/04/2024,17:50:15.73,376776871,-1217389165,174214,7726,19.96,34.97,
09/04/2024,17:50:16.75,376776702,-1217390020,174320,7840,19.81,34.85,
09/04/2024,17:50:17.76,376776566,-1217390897,174416,7936,19.73,34.97,
09/04/2024,17:50:18.77,376776456,-1217391782,174505,7915,19.93,34.98,
09/04/2024,17:50:19.79,376776345,-1217392667,174334,7930,19.60,34.97,
09/04/2024,17:50:20.80,376776235,-1217393540,174257,7767,19.81,34.99,
09/04/2024,17:50:21.81,376776131,-1217394371,174233,7308,19.64,34.99,
09/04/2024,17:50:22.82,376776042,-1217395103,174175,6239,19.57,35.00,
09/04/2024,17:50:23.84,376775970,-1217395725,174200,5260,19.67,34.92,
09/04/2024,17:50:24.85,376775914,-1217396207,174153,3917,19.48,34.89,
09/04/2024,17:50:25.86,376775873,-1217396551,174003,2730,19.62,34.95,
09/04/2024,17:50:26.88,376775847,-1217396777,173929,1720,19.64,35.02,
09/04/2024,17:50:27.89,376775826,-1217396933,173866,1274,19.70,34.96,
09/04/2024,17:50:28.90,376775802,-1217397087,173773,1411,19.60,35.01,
09/04/2024,17:50:29.92,376775756,-1217397292,173727,2099,19.67,35.04,
09/04/2024,17:50:30.93,376775662,-1217397547,173706,2670,19.45,34.99,
09/04/2024,17:50:31.94,376775513,-1217397803,173707,2884,19.68,34.86,
09/04/2024,17:50:32.95,376775291,-1217398063,173775,3569,19.68,34.78,
09/04/2024,17:50:33.97,376774966,-1217398273,173684,4263,19.63,34.88,
09/04/2024,17:50:34.98,376774024,-1217398464,173549,5921,19.67,34.84,
09/04/2024,17:50:36.04,376773439,-1217398481,173531,6701,19.74,34.74,
09/04/2024,17:50:37.19,376772784,-1217398494,173434,7488,19.84,34.79,
09/04/2024,17:50:38.20,376772072,-1217398517,173298,8125,19.58,34.73,
09/04/2024,17:50:39.21,376771305,-1217398536,173286,8724,19.63,34.63,
09/04/2024,17:50:40.23,376770490,-1217398543,173178,9203,19.81,34.61,
09/04/2024,17:50:41.24,376769637,-1217398525,173245,9575,19.85,34.59,
09/04/2024,17:50:42.25,376768758,-1217398500,173307,9853,19.82,34.57,
09/04/2024,17:50:43.26,376767864,-1217398478,173146,9987,19.85,34.54,
09/04/2024,17:50:44.28,376766966,-1217398458,173152,9971,19.76,34.65,
09/04/2024,17:50:45.29,376766090,-1217398432,173203,9654,19.90,34.69,
09/04/2024,17:50:46.30,376765257,-1217398413,173214,9107,19.90,34.68,
09/04/2024,17:50:47.31,376764461,-1217398396,173290,8756,19.78,34.50,
09/04/2024,17:50:48.33,376763689,-1217398376,173301,8548,19.98,34.49,
09/04/2024,17:50:49.34,376763689,-1217398356,173560,8986,20.00,34.51,
09/04/2024,17:50:51.03,376762104,-1217398356,173496,9265,20.15,34.36,
09/04/2024,17:50:52.09,376761280,-1217398345,173596,9521,20.13,34.30,
09/04/2024,17:50:53.10,376760429,-1217398322,173789,9719,20.51,34.31,
09/04/2024,17:50:54.11,376759559,-1217398293,173926,9934,20.45,34.28,
09/04/2024,17:50:55.13,376758670,-1217398270,174013,9999,20.78,34.16,
09/04/2024,17:50:56.14,376757772,-1217398265,173974,10161,21.17,34.06,
09/04/2024,17:50:57.15,376756865,-1217398276,173849,10317,21.57,34.04,
09/04/2024,17:50:58.16,376755944,-1217398269,173964,10216,21.53,34.09,
09/04/2024,17:50:59.17,376755023,-1217398265,173960,10062,21.68,34.00,
09/04/2024,17:51:00.19,376754117,-1217398271,173884,9422,21.84,34.04,
09/04/2024,17:51:01.20,376753255,-1217398278,173860,8443,22.06,34.07,
09/04/2024,17:51:02.21,376752469,-1217398286,174248,7678,22.32,34.09,
09/04/2024,17:51:03.22,376751754,-1217398301,174363,6973,22.42,34.11,
09/04/2024,17:51:04.23,376751108,-1217398347,174487,6319,22.49,34.10,
09/04/2024,17:51:05.25,376750524,-1217398488,174363,5719,22.22,34.17,
09/04/2024,17:51:06.26,376750008,-1217398778,173895,5354,22.08,34.31,
09/04/2024,17:51:07.27,376749580,-1217399209,173510,5464,21.75,34.36,
09/04/2024,17:51:08.28,376749240,-1217399790,173308,6003,21.41,34.46,
09/04/2024,17:51:09.29,376749009,-1217400507,173074,6747,20.96,34.39,
09/04/2024,17:51:10.30,376748887,-1217401353,172844,7807,20.93,34.44,
09/04/2024,17:51:11.32,376748839,-1217402313,172646,8761,20.78,34.50,
09/04/2024,17:51:12.33,376748844,-1217403379,172454,9675,20.86,34.42,
09/04/2024,17:51:13.34,376748860,-1217404526,172141,10310,20.77,34.54,
09/04/2024,17:51:14.35,376748879,-1217405726,171875,10714,20.82,34.59,
09/04/2024,17:51:15.36,376748899,-1217406960,171730,10985,20.66,34.62,
09/04/2024,17:51:16.38,376748928,-1217408199,171582,10935,20.67,34.63,
09/04/2024,17:51:17.39,376748955,-1217409415,171552,10646,20.69,34.73,
09/04/2024,17:51:18.40,376748975,-1217410578,171384,10112,20.67,34.82,
09/04/2024,17:51:19.41,376748995,-1217411667,171171,9387,20.49,34.71,
09/04/2024,17:51:20.42,376749014,-1217412644,171021,8297,20.55,34.83,
09/04/2024,17:51:21.43,376749024,-1217413499,170987,7249,20.56,34.76,
09/04/2024,17:51:22.44,376748999,-1217414246,171099,6499,20.69,34.82,
09/04/2024,17:51:23.46,376748893,-1217414882,171173,6147,20.53,34.77,
09/04/2024,17:51:24.47,376748657,-1217415397,171060,6100,20.54,34.86,
09/04/2024,17:51:25.48,376748290,-1217415767,171123,6402,20.62,34.76,
09/04/2024,17:51:26.49,376747805,-1217415969,171268,6891,20.54,34.79,
09/04/2024,17:51:27.50,376747220,-1217416023,171199,7277,20.79,34.74,
09/04/2024,17:51:28.51,376746574,-1217416028,171213,6999,21.14,34.63,
09/04/2024,17:51:29.53,376745932,-1217416096,171115,6272,21.23,34.60,
09/04/2024,17:51:30.54,376745349,-1217416335,170889,5708,20.95,34.60,
09/04/2024,17:51:31.55,376744859,-1217416767,170878,5540,20.96,34.51,
09/04/2024,17:51:32.56,376744499,-1217417357,170884,5802,20.71,34.55,
09/04/2024,17:51:33.57,376744308,-1217418074,170889,6653,20.74,34.64,
09/04/2024,17:51:34.58,376744236,-1217418907,170823,7673,20.50,34.53,
09/04/2024,17:51:35.60,376744225,-1217419856,170636,8695,20.44,34.65,
09/04/2024,17:51:36.61,376744223,-1217420903,170683,9480,20.60,34.64,
09/04/2024,17:51:37.62,376744198,-1217422006,170522,9891,20.43,34.70,
09/04/2024,17:51:38.63,376744129,-1217423122,170516,9974,20.41,34.53,
09/04/2024,17:51:39.64,376744004,-1217424229,170477,10018,20.61,34.61,
09/04/2024,17:51:40.65,376743808,-1217425329,170157,10159,20.32,34.57,
09/04/2024,17:51:41.66,376743551,-1217426428,169848,10151,20.44,34.70,
09/04/2024,17:51:42.67,376743275,-1217427543,169815,10230,20.52,34.73,
09/04/2024,17:51:43.69,376743034,-1217428696,169748,10405,20.31,34.67,
09/04/2024,17:51:44.70,376742863,-1217429885,169784,10636,20.43,34.79,
09/04/2024,17:51:45.71,376742754,-1217431103,169645,10837,20.31,34.76,
09/04/2024,17:51:46.72,376742690,-1217432341,169443,10977,20.27,34.80,
09/04/2024,17:51:47.73,376742652,-1217433598,169362,11149,20.14,34.83,
09/04/2024,17:51:48.74,376742645,-1217434868,169256,11244,20.08,34.75,
09/04/2024,17:51:49.75,376742654,-1217436151,169309,11338,20.04,34.81,
09/04/2024,17:51:50.77,376742669,-1217437441,169368,11395,20.03,34.89,
09/04/2024,17:51:51.78,376742679,-1217438737,169349,11444,19.97,34.84,
09/04/2024,17:51:52.79,376742681,-1217440034,169052,11421,19.88,34.88,
09/04/2024,17:51:53.80,376742677,-1217440034,168968,11339,20.16,35.04,
09/04/2024,17:51:55.08,376742640,-1217442592,168809,11392,20.08,35.01,
09/04/2024,17:51:56.09,376742628,-1217443884,168873,11401,20.14,34.98,
09/04/2024,17:51:57.10,376742619,-1217445178,168925,11395,19.94,35.05,
09/04/2024,17:51:58.15,376742620,-1217446473,168883,11355,20.03,34.94,
09/04/2024,17:51:59.16,376742627,-1217447764,168883,11474,19.84,34.88,
09/04/2024,17:52:01.05,376742656,-1217450357,168562,11439,19.99,34.76,
09/04/2024,17:52:02.11,376742669,-1217451655,168490,11430,19.88,34.82,
09/04/2024,17:52:03.12,376742672,-1217452952,168326,11404,19.99,34.82,
09/04/2024,17:52:04.13,376742669,-1217454246,168087,11389,19.98,34.84,
09/04/2024,17:52:05.14,376742678,-1217455537,167997,11351,20.17,34.82,
09/04/2024,17:52:06.15,376742696,-1217456825,167870,11367,19.89,34.81,
09/04/2024,17:52:07.17,376742709,-1217458112,167697,11362,20.22,34.73,
09/04/2024,17:52:08.18,376742717,-1217459399,167520,11388,20.20,34.79,
09/04/2024,17:52:09.19,376742730,-1217460688,167831,11225,19.77,34.54,
09/04/2024,17:52:10.20,376742731,-1217461967,167672,11210,20.33,34.66,
09/04/2024,17:52:11.21,376742728,-1217463238,167510,11214,20.20,34.75,
09/04/2024,17:52:12.22,376742727,-1217464511,167397,11368,20.24,34.74,
09/04/2024,17:52:13.23,376742731,-1217465796,167328,11512,20.24,34.73,
09/04/2024,17:52:14.24,376742736,-1217467096,167196,11663,20.20,34.64,
09/04/2024,17:52:15.25,376742739,-1217468411,167108,11640,20.27,34.65,
09/04/2024,17:52:16.27,376742743,-1217469730,167009,11622,20.34,34.62,
09/04/2024,17:52:17.28,376742751,-1217471050,166872,11612,20.33,34.60,
09/04/2024,17:52:18.29,376742756,-1217472367,166817,11543,20.27,34.63,
09/04/2024,17:52:19.30,376742760,-1217473678,166740,11311,20.54,34.63,
09/04/2024,17:52:20.31,376742764,-1217474969,166617,11073,20.27,34.64,
09/04/2024,17:52:21.32,376742772,-1217476233,166467,10687,20.50,34.75,
09/04/2024,17:52:22.33,376742776,-1217477457,166427,10244,20.55,34.70,
09/04/2024,17:52:23.34,376742777,-1217478632,166356,9453,20.37,34.67,
09/04/2024,17:52:24.35,376742780,-1217479730,166241,8795,20.49,34.77,
09/04/2024,17:52:25.36,376742783,-1217480750,166173,7967,20.27,34.66,
09/04/2024,17:52:26.38,376742794,-1217481681,166203,6736,20.45,34.60,
09/04/2024,17:52:27.39,376742818,-1217482485,166284,5445,20.70,34.85,
09/04/2024,17:52:28.40,376742888,-1217483137,166232,4581,20.55,34.72,
09/04/2024,17:52:29.41,376743014,-1217483660,166222,4719,20.65,34.66,
09/04/2024,17:52:30.42,376743233,-1217484110,166054,5434,20.56,34.53,
09/04/2024,17:52:31.43,376743582,-1217484500,165943,6226,20.47,34.50,
09/04/2024,17:52:32.44,376744134,-1217484727,165910,7243,20.61,34.56,
09/04/2024,17:52:33.45,376744749,-1217484891,165789,8586,20.53,34.52,
09/04/2024,17:52:34.46,376745503,-1217484926,165837,9851,20.41,34.40,
09/04/2024,17:52:35.47,376746361,-1217484925,165588,10873,20.47,34.35,
09/04/2024,17:52:36.49,376747322,-1217484917,165320,11311,20.50,34.36,
09/04/2024,17:52:37.50,376748329,-1217484912,165372,11400,20.43,34.32,
09/04/2024,17:52:38.51,376749352,-1217484918,165440,11332,20.49,34.25,
09/04/2024,17:52:39.52,376750374,-1217484931,165449,11347,20.60,34.22,
09/04/2024,17:52:40.53,376751400,-1217484932,165503,11245,20.69,34.19,
09/04/2024,17:52:41.54,376752414,-1217484931,165432,11073,20.60,34.19,
09/04/2024,17:52:42.55,376753414,-1217484927,165377,11007,20.63,34.15,
09/04/2024,17:52:43.56,376754404,-1217484925,165298,11366,20.54,34.24,
09/04/2024,17:52:44.57,376755414,-1217484921,165168,11715,20.65,34.22,
09/04/2024,17:52:45.58,376756458,-1217484912,165037,12054,20.64,34.31,
09/04/2024,17:52:46.59,376757533,-1217484893,164939,12372,20.52,34.39,
09/04/2024,17:52:47.61,376758637,-1217484883,164806,12480,20.47,34.52,
09/04/2024,17:52:48.62,376759754,-1217484866,164922,12584,20.52,34.46,
09/04/2024,17:52:49.63,376760882,-1217484847,164850,12541,20.45,34.56,
09/04/2024,17:52:50.64,376762012,-1217484831,164817,12474,20.27,34.47,
09/04/2024,17:52:51.65,376763132,-1217484817,164690,12459,20.41,34.53,
09/04/2024,17:52:52.66,376764251,-1217484807,164648,12416,20.23,34.56,
09/04/2024,17:52:53.67,376765369,-1217484802,164557,12470,20.47,34.55,
09/04/2024,17:52:54.68,376766487,-1217484802,164486,12471,20.62,34.55,
09/04/2024,17:52:55.69,376767610,-1217484804,164215,12425,20.44,34.59,
09/04/2024,17:52:56.70,376768730,-1217484794,164062,12365,20.56,34.65,
09/04/2024,17:52:57.71,376769844,-1217484780,163991,12282,20.22,34.62,
09/04/2024,17:52:58.72,376770950,-1217484779,163833,12125,20.16,34.58,
09/04/2024,17:52:59.73,376772044,-1217484791,163589,11945,20.04,34.58,
09/04/2024,17:53:00.74,376773124,-1217484805,163369,11710,20.01,34.46,
09/04/2024,17:53:01.76,376774183,-1217484807,163326,11620,20.11,34.50,
09/04/2024,17:53:02.77,376775231,-1217484799,163257,11620,20.15,34.47,
09/04/2024,17:53:03.78,376777298,-1217484780,163185,11349,20.25,34.42,
09/04/2024,17:53:04.79,376778314,-1217484774,163102,11247,20.42,34.52,
09/04/2024,17:53:05.80,376779318,-1217484769,162978,11086,20.41,34.50,
09/04/2024,17:53:06.81,376780308,-1217484764,162961,10962,20.40,34.46,
09/04/2024,17:53:07.82,376781290,-1217484763,162932,10898,20.44,34.49,
09/04/2024,17:53:08.83,376782267,-1217484783,162899,10843,20.32,34.40,
09/04/2024,17:53:09.84,376783247,-1217484842,162931,10916,20.42,34.45,
09/04/2024,17:53:10.85,376784232,-1217484919,162898,10971,20.44,34.54,
09/04/2024,17:53:11.86,376785235,-1217484962,162897,11245,20.63,34.58,
09/04/2024,17:53:12.87,376786257,-1217484973,162907,11407,20.43,34.61,
09/04/2024,17:53:13.88,376787279,-1217484971,162911,11331,20.37,34.78,
09/04/2024,17:53:14.90,376788293,-1217484965,162902,11251,20.33,34.80,
09/04/2024,17:53:15.91,376789292,-1217484960,162804,11039,20.23,34.80,
09/04/2024,17:53:16.92,376790266,-1217484960,162739,10715,20.13,34.81,
09/04/2024,17:53:17.93,376791194,-1217484962,162698,10154,20.24,34.97,
09/04/2024,17:53:18.94,376791194,-1217484963,162610,8805,19.83,34.82,
09/04/2024,17:53:20.11,376792877,-1217484962,162545,8022,19.86,34.75,
09/04/2024,17:53:21.12,376793621,-1217484959,162496,7151,19.93,34.74,
09/04/2024,17:53:22.13,376794290,-1217484954,162430,6404,19.93,34.68,
09/04/2024,17:53:23.15,376794887,-1217484952,162403,5578,19.93,34.75,
09/04/2024,17:53:24.16,376795411,-1217484950,162396,4763,19.85,34.61,
09/04/2024,17:53:25.17,376795862,-1217484941,162423,4053,19.93,34.59,
09/04/2024,17:53:26.18,376796246,-1217484939,162403,3373,20.09,34.57,
09/04/2024,17:53:27.19,376796567,-1217484936,162383,2532,19.97,34.62,
09/04/2024,17:53:28.20,376796817,-1217484931,162424,1582,20.23,34.63,
09/04/2024,17:53:29.21,376796985,-1217484929,162417,961,20.22,34.66,
09/04/2024,17:53:30.22,376797087,-1217484930,162403,344,20.13,34.66,
09/04/2024,17:53:31.23,376797135,-1217484930,162395,1189,20.21,34.78,
09/04/2024,17:53:32.24,376797219,-1217484929,162376,3036,20.23,34.70,
09/04/2024,17:53:33.25,376797443,-1217484925,162341,4134,20.16,34.66,
09/04/2024,17:53:34.26,376797786,-1217484922,162351,4525,20.30,34.70,
09/04/2024,17:53:35.27,376798183,-1217484950,162395,4655,20.27,34.71,
09/04/2024,17:53:36.28,376798598,-1217485087,162541,4815,20.19,34.67,
09/04/2024,17:53:37.30,376799009,-1217485384,162883,5200,20.20,34.74,
09/04/2024,17:53:38.31,376799393,-1217485862,162924,5756,20.06,34.83,
09/04/2024,17:53:39.32,376799715,-1217486512,162933,6473,20.07,34.93,
09/04/2024,17:53:40.33,376799919,-1217487304,162869,7355,19.93,34.94,
09/04/2024,17:53:41.34,376799981,-1217488244,162822,8713,19.90,34.96,
09/04/2024,17:53:42.35,376799969,-1217489337,162766,10047,20.05,35.09,
09/04/2024,17:53:43.36,376799946,-1217490571,162515,11208,19.90,35.02,
09/04/2024,17:53:44.37,376799939,-1217491892,162565,11852,19.92,35.06,
09/04/2024,17:53:45.38,376799940,-1217493269,162617,12292,19.95,35.03,
09/04/2024,17:53:46.39,376799939,-1217494685,162656,12586,19.82,35.12,
09/04/2024,17:53:47.40,376799932,-1217496121,162768,12697,19.60,35.06,
09/04/2024,17:53:48.41,376799918,-1217497569,162835,12796,19.56,35.18,
09/04/2024,17:53:49.42,376799908,-1217499025,162917,12866,19.68,35.28,
09/04/2024,17:53:50.44,376799909,-1217500493,162878,12973,19.61,35.29,
09/04/2024,17:53:51.45,376799913,-1217501968,162614,12974,19.49,35.22,
09/04/2024,17:53:52.46,376799914,-1217503444,162489,13007,19.54,35.25,
09/04/2024,17:53:53.47,376799918,-1217504919,162279,13003,19.63,35.29,
09/04/2024,17:53:54.48,376799926,-1217506392,162200,12969,19.43,35.24,
09/04/2024,17:53:55.49,376799936,-1217507863,162150,12957,19.36,35.26,
09/04/2024,17:53:56.50,376799937,-1217509327,162009,12865,19.30,35.32,
09/04/2024,17:53:57.51,376799941,-1217510775,161978,12702,19.26,35.30,
09/04/2024,17:53:58.52,376799950,-1217512204,161973,12534,19.35,35.31,
09/04/2024,17:53:59.53,376799952,-1217513618,161964,12428,19.51,35.29,
09/04/2024,17:54:00.54,376799946,-1217515021,161902,12345,19.54,35.33,
09/04/2024,17:54:01.55,376799938,-1217516420,161775,12345,19.58,35.28,
09/04/2024,17:54:02.56,376799926,-1217517819,161658,12342,19.49,35.21,
09/04/2024,17:54:03.58,376799912,-1217519224,161659,12412,19.51,35.16,
09/04/2024,17:54:04.59,376799896,-1217520639,161675,12516,19.45,35.00,
09/04/2024,17:54:05.60,376799887,-1217522057,161595,12487,19.40,34.98,
09/04/2024,17:54:06.61,376799887,-1217523476,161521,12521,19.44,34.94,
09/04/2024,17:54:07.62,376799890,-1217524908,161481,12661,19.40,35.04,
09/04/2024,17:54:08.63,376799895,-1217526354,161433,12786,19.51,34.99,
09/04/2024,17:54:09.64,376799897,-1217527814,161291,12902,19.48,35.14,
09/04/2024,17:54:10.65,376799903,-1217529283,161025,12974,19.66,35.17,
09/04/2024,17:54:11.66,376799907,-1217530767,161003,13138,19.58,35.05,
09/04/2024,17:54:12.67,376799908,-1217532254,160916,13113,19.32,35.04,
09/04/2024,17:54:13.68,376799908,-1217533738,160803,13070,19.40,34.98,
09/04/2024,17:54:14.69,376799907,-1217535216,160843,13039,19.50,34.89,
09/04/2024,17:54:15.70,376799906,-1217536686,160822,12954,19.48,34.92,
09/04/2024,17:54:16.71,376799903,-1217538152,160571,12870,19.41,34.79,
09/04/2024,17:54:17.73,376799900,-1217539616,160385,12954,19.41,34.80,
09/04/2024,17:54:18.74,376799901,-1217541093,160284,13073,19.51,34.73,
09/04/2024,17:54:19.75,376799914,-1217542553,160231,12796,19.46,34.75,
09/04/2024,17:54:20.76,376799938,-1217543954,160142,12168,19.48,34.61,
09/04/2024,17:54:21.77,376799962,-1217545305,159972,11823,19.68,34.55,
09/04/2024,17:54:22.78,376799990,-1217546631,159782,11645,19.63,34.54,
09/04/2024,17:54:23.79,376800020,-1217547944,159550,11579,19.62,34.37,
09/04/2024,17:54:24.80,376800055,-1217549252,159404,11514,19.79,34.34,
09/04/2024,17:54:25.81,376800081,-1217550548,159249,11370,19.91,34.32,
09/04/2024,17:54:26.82,376800098,-1217551827,159071,11244,19.87,34.39,
09/04/2024,17:54:27.83,376800104,-1217553087,158979,11072,19.84,34.44,
09/04/2024,17:54:28.84,376800106,-1217554315,158907,10740,19.91,34.65,
09/04/2024,17:54:29.85,376800110,-1217555453,158763,9736,19.90,34.85,
09/04/2024,17:54:30.86,376800116,-1217556492,158608,8916,19.92,34.91,
09/04/2024,17:54:31.88,376800122,-1217557480,158461,8634,19.56,34.85,
09/04/2024,17:54:32.89,376800126,-1217558468,158462,8764,19.49,34.90,
09/04/2024,17:54:33.90,376800128,-1217559475,158410,8954,19.51,34.79,
09/04/2024,17:54:34.91,376800134,-1217560506,158361,9153,19.60,34.78,
09/04/2024,17:54:35.92,376800141,-1217561563,158282,9386,19.62,34.62,
09/04/2024,17:54:36.93,376800144,-1217562648,158282,9662,19.39,34.74,
09/04/2024,17:54:37.94,376800146,-1217563760,158318,9863,19.54,34.75,
09/04/2024,17:54:38.95,376800147,-1217564905,158292,10215,19.56,34.78,
09/04/2024,17:54:39.96,376800154,-1217566090,158210,10562,19.65,34.95,
09/04/2024,17:54:40.97,376800161,-1217567316,158196,10931,19.41,34.88,
09/04/2024,17:54:41.98,376800169,-1217568583,158138,11277,19.56,34.84,
09/04/2024,17:54:42.99,376800174,-1217569886,158066,11585,19.52,34.80,
09/04/2024,17:54:44.00,376800174,-1217572606,157884,12294,19.46,34.86,
09/04/2024,17:54:45.06,376800173,-1217574032,157808,12689,19.62,34.94,
09/04/2024,17:54:46.12,376800160,-1217575496,157643,13003,19.54,34.91,
09/04/2024,17:54:47.13,376800141,-1217576989,157631,13234,19.70,34.98,
09/04/2024,17:54:48.14,376800126,-1217578516,157601,13560,19.53,35.13,
09/04/2024,17:54:49.15,376800124,-1217580078,157529,13867,19.55,35.21,
09/04/2024,17:54:50.17,376800125,-1217581672,157608,14145,19.39,35.17,
09/04/2024,17:54:51.18,376800128,-1217583290,157649,14330,19.39,35.21,
09/04/2024,17:54:52.19,376800137,-1217584914,157599,14313,19.19,35.04,
09/04/2024,17:54:53.20,376800148,-1217586527,157528,14202,19.16,35.04,
09/04/2024,17:54:54.21,376800156,-1217588132,157448,14142,19.14,35.06,
09/04/2024,17:54:55.22,376800168,-1217589731,157285,14091,19.25,35.16,
09/04/2024,17:54:56.23,376800189,-1217591330,157223,14110,19.48,35.21,
09/04/2024,17:54:57.24,376800208,-1217592923,157073,14029,19.30,35.31,
09/04/2024,17:54:58.25,376800220,-1217594497,156915,13837,19.26,35.32,
09/04/2024,17:54:59.26,376800230,-1217596014,156753,13182,19.17,35.23,
09/04/2024,17:55:00.27,376800240,-1217597390,156670,11697,19.12,35.20,
09/04/2024,17:55:01.28,376800252,-1217598593,156481,10156,19.23,35.27,
09/04/2024,17:55:02.29,376800264,-1217599618,156435,8563,19.13,35.20,
09/04/2024,17:55:03.30,376800265,-1217600512,156332,7605,19.15,35.21,
09/04/2024,17:55:04.31,376800242,-1217601354,156358,7358,19.13,35.31,
09/04/2024,17:55:05.32,376800192,-1217602184,156463,7332,19.12,35.26,
09/04/2024,17:55:06.34,376800133,-1217602952,156323,6561,19.13,35.28,
09/04/2024,17:55:07.35,376800091,-1217603614,156273,5543,19.10,35.33,
09/04/2024,17:55:08.36,376800065,-1217604223,156260,5320,19.04,35.42,
09/04/2024,17:55:09.37,376800051,-1217604879,156265,5981,19.25,35.44,
09/04/2024,17:55:10.38,376800047,-1217605581,156215,6283,19.19,35.60,
09/04/2024,17:55:11.39,376800051,-1217606203,156172,5139,19.12,35.56,
09/04/2024,17:55:12.40,376800052,-1217606629,156240,3164,19.09,35.52,
09/04/2024,17:55:13.41,376800042,-1217606798,156223,791,19.06,35.52,
09/04/2024,17:55:14.42,376800037,-1217606828,156236,48,19.13,35.49,
09/04/2024,17:55:15.43,376800037,-1217606832,156303,7,18.93,35.45,
09/04/2024,17:55:16.44,376800038,-1217606833,156374,8,18.98,35.57,
09/04/2024,17:55:17.45,376800040,-1217606835,156433,8,18.98,35.48,
09/04/2024,17:55:18.46,376800042,-1217606837,156470,6,19.06,35.57,
09/04/2024,17:55:19.47,376800043,-1217606838,156490,13,19.01,35.44,
09/04/2024,17:55:20.48,376800045,-1217606839,156503,6,18.96,35.49,
09/04/2024,17:55:21.50,376800046,-1217606839,156551,18,19.06,35.59,
09/04/2024,17:55:22.51,376800048,-1217606840,156574,14,19.01,35.68,
09/04/2024,17:55:23.52,376800050,-1217606842,156621,9,18.99,35.60,
09/04/2024,17:55:24.53,376800052,-1217606843,156646,8,18.91,35.65,
09/04/2024,17:55:25.54,376800053,-1217606842,156666,10,19.05,35.84,
09/04/2024,17:55:26.55,376800055,-1217606843,156684,9,18.69,35.76,
09/04/2024,17:55:27.56,376800057,-1217606868,156758,304,18.94,35.75,
09/04/2024,17:55:28.57,376800057,-1217607025,156801,1866,18.81,35.73,
09/04/2024,17:55:29.58,376800036,-1217607348,156834,3563,18.88,35.74,
09/04/2024,17:55:30.59,376799938,-1217607728,156807,4327,18.86,35.76,
09/04/2024,17:55:31.60,376799729,-1217608046,156766,4457,18.72,35.68,
09/04/2024,17:55:32.61,376799423,-1217608290,156718,4304,18.88,35.56,
09/04/2024,17:55:33.62,376799082,-1217608520,156762,4640,18.92,35.36,
09/04/2024,17:55:34.63,376798712,-1217608734,156770,4685,19.04,35.34,
09/04/2024,17:55:35.65,376798326,-1217609008,156821,5832,19.08,35.31,
09/04/2024,17:55:36.66,376797881,-1217609407,156829,7103,19.01,35.15,
09/04/2024,17:55:37.67,376797364,-1217609964,156826,8455,19.02,35.08,
09/04/2024,17:55:38.68,376796788,-1217610666,156820,9637,19.12,34.94,
09/04/2024,17:55:39.69,376796165,-1217611458,156786,10602,18.98,34.98,
09/04/2024,17:55:40.70,376795480,-1217612284,156780,11114,19.24,34.87,
09/04/2024,17:55:41.71,376794742,-1217613113,156719,11260,19.35,34.74,
09/04/2024,17:55:42.72,376793974,-1217613911,156745,11191,19.48,34.74,
09/04/2024,17:55:43.73,376793194,-1217614715,156780,11265,19.59,34.70,
09/04/2024,17:55:44.74,376792406,-1217615530,156754,11421,19.63,34.61,
09/04/2024,17:55:45.75,376791611,-1217616351,156708,11483,19.80,34.68,
09/04/2024,17:55:46.77,376790809,-1217617181,156658,11507,19.51,34.63,
09/04/2024,17:55:47.78,376790003,-1217618006,156617,11491,19.73,34.62,
09/04/2024,17:55:48.79,376789206,-1217618831,156503,11404,19.83,34.52,
09/04/2024,17:55:49.80,376788414,-1217619637,156424,11116,19.88,34.57,
09/04/2024,17:55:50.81,376787636,-1217620410,156410,10777,19.76,34.56,
09/04/2024,17:55:51.82,376786870,-1217621151,156246,10365,19.78,34.52,
09/04/2024,17:55:52.83,376786126,-1217621855,156210,9772,19.94,34.46,
09/04/2024,17:55:53.84,376785421,-1217622481,156181,8446,20.15,34.40,
09/04/2024,17:55:54.85,376784791,-1217622994,156138,6725,20.17,34.40,
09/04/2024,17:55:55.86,376784281,-1217623391,156060,5149,20.24,34.36,
09/04/2024,17:55:56.87,376783883,-1217623671,156035,3621,20.23,34.40,
09/04/2024,17:55:57.88,376783589,-1217623846,155974,2400,20.25,34.34,
09/04/2024,17:55:58.89,376783379,-1217623950,156018,1768,20.26,34.40,
09/04/2024,17:55:59.91,376783222,-1217624017,156008,1391,20.34,34.29,
09/04/2024,17:56:00.92,376783093,-1217624032,155966,69,20.38,34.27,
09/04/2024,17:56:01.93,376783060,-1217624042,155962,489,20.25,34.38,
09/04/2024,17:56:02.94,376783028,-1217624093,156025,2674,20.38,34.30,
09/04/2024,17:56:03.95,376782848,-1217624093,156224,4477,20.15,34.35,
09/04/2024,17:56:04.96,376782494,-1217623906,156390,5717,20.24,34.37,
09/04/2024,17:56:05.97,376782040,-1217623493,156420,6733,20.45,34.31,
09/04/2024,17:56:06.98,376781566,-1217622876,156532,7833,20.34,34.35,
09/04/2024,17:56:07.99,376781102,-1217622096,156541,9106,20.46,34.40,
09/04/2024,17:56:09.00,376780615,-1217620278,156605,10936,20.41,34.45,
09/04/2024,17:56:10.06,376779458,-1217619278,156690,11470,20.21,34.46,
09/04/2024,17:56:11.12,376778818,-1217619278,157013,11654,20.33,34.49,
09/04/2024,17:56:13.12,376777500,-1217617225,157120,11676,20.42,34.45,
09/04/2024,17:56:14.13,376776831,-1217616203,157160,10558,20.29,34.48,
09/04/2024,17:56:15.14,376776204,-1217615251,157198,9376,20.33,34.48,
09/04/2024,17:56:16.15,376775639,-1217614405,157316,9256,20.26,34.52,
09/04/2024,17:56:17.16,376775103,-1217613593,157454,9335,20.09,34.43,
09/04/2024,17:56:18.17,376774569,-1217612777,157662,10128,20.27,34.49,
09/04/2024,17:56:19.18,376774010,-1217611904,157744,11060,20.03,34.34,
09/04/2024,17:56:20.19,376773401,-1217610953,157880,11921,20.10,34.39,
09/04/2024,17:56:21.20,376772742,-1217609922,158046,12349,20.26,34.36,
09/04/2024,17:56:22.21,376772055,-1217608840,158164,12750,20.35,34.30,
09/04/2024,17:56:23.22,376771345,-1217607722,158340,13058,20.37,34.22,
09/04/2024,17:56:24.23,376770610,-1217606580,158525,13277,20.23,34.27,
09/04/2024,17:56:25.24,376769860,-1217605417,158744,13441,20.44,34.24,
09/04/2024,17:56:26.26,376769099,-1217604240,159161,13429,20.31,34.20,
09/04/2024,17:56:27.27,376768329,-1217603066,159379,13267,20.10,34.23,
09/04/2024,17:56:28.28,376767557,-1217601910,159493,13191,20.12,34.18,
09/04/2024,17:56:29.29,376766789,-1217600765,159642,13223,20.32,34.08,
09/04/2024,17:56:30.30,376766023,-1217599618,159657,13244,20.43,34.31,
09/04/2024,17:56:31.31,376765258,-1217598468,159710,13447,20.35,34.31,
09/04/2024,17:56:32.32,376764486,-1217597302,159853,13775,20.15,34.18,
09/04/2024,17:56:33.33,376763702,-1217596106,159853,14287,20.19,34.28,
09/04/2024,17:56:35.22,376762087,-1217593633,160210,14398,20.19,34.28,
09/04/2024,17:56:36.23,376761273,-1217592367,160382,14518,20.14,34.18,
09/04/2024,17:56:37.24,376760443,-1217591102,160623,14613,20.27,34.16,
09/04/2024,17:56:38.26,376759604,-1217589830,160688,14844,20.39,34.26,
09/04/2024,17:56:39.27,376758759,-1217588536,160788,14844,20.48,34.32,
09/04/2024,17:56:40.28,376757034,-1217585901,160933,15223,20.48,34.35,
09/04/2024,17:56:41.29,376756154,-1217584556,161007,15418,20.35,34.26,
09/04/2024,17:56:42.30,376755268,-1217583193,161185,15571,20.33,34.19,
09/04/2024,17:56:43.31,376754387,-1217581821,161391,15556,20.54,34.20,
09/04/2024,17:56:44.32,376753510,-1217580449,161531,15537,20.31,34.13,
09/04/2024,17:56:45.33,376752632,-1217579080,161655,15525,20.28,34.22,
09/04/2024,17:56:46.34,376751768,-1217577731,161833,15198,20.53,34.23,
09/04/2024,17:56:47.35,376750930,-1217576417,162032,14712,20.24,34.11,
09/04/2024,17:56:48.36,376750113,-1217575142,162076,14347,20.14,33.91,
09/04/2024,17:56:49.37,376749307,-1217573891,162244,14174,20.52,33.98,
09/04/2024,17:56:50.38,376748504,-1217572642,162263,14208,20.62,33.95,
09/04/2024,17:56:51.39,376747692,-1217571374,162585,14441,20.49,33.95,
09/04/2024,17:56:52.40,376746880,-1217570080,162770,14587,20.35,33.86,
09/04/2024,17:56:53.41,376746066,-1217568765,163005,14772,20.59,33.94,
09/04/2024,17:56:54.42,376745244,-1217567427,163146,15004,20.58,33.99,
09/04/2024,17:56:55.43,376744406,-1217566082,163305,15112,20.73,33.87,
09/04/2024,17:56:56.44,376743555,-1217564754,163125,15043,20.74,33.81,
09/04/2024,17:56:57.46,376742699,-1217563427,163400,15063,21.03,33.72,
09/04/2024,17:56:58.47,376742699,-1217560796,164146,14799,21.27,33.54,
09/04/2024,17:57:00.05,376740999,-1217559489,164267,14914,21.11,33.57,
09/04/2024,17:57:01.11,376740153,-1217558168,164388,15040,21.05,33.64,
09/04/2024,17:57:02.12,376739302,-1217556824,164746,15181,20.97,33.64,
09/04/2024,17:57:03.13,376738453,-1217556824,165284,15486,20.89,33.91,
09/04/2024,17:57:05.12,376736733,-1217554082,165453,15623,21.22,34.03,
09/04/2024,17:57:06.13,376735866,-1217552691,165587,15726,21.05,34.15,
09/04/2024,17:57:07.14,376734995,-1217551290,165843,15862,20.87,34.15,
09/04/2024,17:57:08.15,376734114,-1217549879,165989,15919,20.66,34.12,
09/04/2024,17:57:09.16,376733220,-1217548471,166172,15949,20.71,34.18,
09/04/2024,17:57:10.17,376732312,-1217547071,166381,15930,20.60,34.18,
09/04/2024,17:57:11.18,376731402,-1217545674,166536,15825,20.43,34.02,
09/04/2024,17:57:12.19,376730501,-1217544279,166667,15793,20.55,34.10,
09/04/2024,17:57:13.21,376729605,-1217542887,166882,15765,20.56,34.10,
09/04/2024,17:57:14.22,376728709,-1217541499,167153,15748,20.51,34.08,
09/04/2024,17:57:15.23,376727810,-1217540117,167343,15761,20.39,34.07,
09/04/2024,17:57:16.24,376726912,-1217538733,167230,15750,20.47,34.13,
09/04/2024,17:57:17.25,376726016,-1217537349,167378,15683,20.62,34.34,
09/04/2024,17:57:18.26,376725110,-1217535982,167547,15670,20.43,34.25,
09/04/2024,17:57:19.27,376724202,-1217534621,167676,15760,20.35,34.17,
09/04/2024,17:57:20.28,376723287,-1217533258,167689,15737,20.39,34.23,
09/04/2024,17:57:21.29,376722381,-1217531885,168073,15698,20.32,34.14,
09/04/2024,17:57:22.30,376721489,-1217530494,168234,15732,20.43,34.10,
09/04/2024,17:57:23.31,376720597,-1217529100,168449,16007,20.48,34.16,
09/04/2024,17:57:24.32,376719690,-1217527693,168697,16291,20.41,34.03,
09/04/2024,17:57:25.33,376718766,-1217526268,168952,16570,20.40,33.87,
09/04/2024,17:57:26.34,376717826,-1217524819,169192,16799,20.70,33.95,
09/04/2024,17:57:27.35,376716875,-1217523346,169342,16921,20.47,33.72,
09/04/2024,17:57:28.36,376715917,-1217521855,169492,17012,20.79,33.73,
09/04/2024,17:57:29.37,376714949,-1217520361,169371,17209,20.69,33.80,
09/04/2024,17:57:30.38,376713966,-1217518863,169107,17281,20.80,33.83,
09/04/2024,17:57:31.39,376712978,-1217517356,169184,17245,20.87,33.73,
09/04/2024,17:57:32.40,376711997,-1217515839,169368,17083,20.80,33.71,
09/04/2024,17:57:33.41,376711030,-1217514324,169563,16890,20.82,34.00,
09/04/2024,17:57:34.42,376710073,-1217512826,169681,16774,20.76,33.99,
09/04/2024,17:57:35.43,376709121,-1217511343,169793,16662,20.73,33.99,
09/04/2024,17:57:36.44,376708179,-1217509865,169960,16499,20.65,34.09,
09/04/2024,17:57:37.45,376707246,-1217508401,169816,16002,20.58,34.00,
09/04/2024,17:57:38.46,376706328,-1217506971,169786,15367,20.61,34.03,
09/04/2024,17:57:39.47,376705440,-1217505599,169915,14544,20.66,33.96,
09/04/2024,17:57:40.48,376704596,-1217504300,170006,13518,20.47,34.00,
09/04/2024,17:57:41.49,376703810,-1217503084,170170,12236,20.63,34.08,
09/04/2024,17:57:42.50,376703092,-1217501975,170280,10870,20.65,34.21,
09/04/2024,17:57:43.51,376702453,-1217500987,170287,9523,20.63,34.08,
09/04/2024,17:57:44.52,376701888,-1217500113,170411,8300,20.46,34.06,
09/04/2024,17:57:45.53,376701401,-1217499355,170743,7789,20.42,34.19,
09/04/2024,17:57:46.54,376700835,-1217498660,171054,7578,20.63,34.20,
09/04/2024,17:57:47.55,376700364,-1217497971,171287,7630,20.40,33.99,
09/04/2024,17:57:48.56,376699922,-1217497295,171555,8156,20.51,34.05,
09/04/2024,17:57:49.57,376699460,-1217496585,171833,8772,20.47,33.90,
09/04/2024,17:57:50.58,376698968,-1217495817,171833,10112,20.50,33.93,
09/04/2024,17:57:52.07,376697872,-1217494125,172097,10951,20.62,33.99,
09/04/2024,17:57:53.13,376697260,-1217493170,172143,11693,20.69,33.98,
09/04/2024,17:57:54.14,376696604,-1217492152,172313,12449,20.47,33.88,
09/04/2024,17:57:55.15,376695906,-1217491070,172338,13255,20.43,33.79,
09/04/2024,17:57:56.16,376695166,-1217489925,172312,14049,20.81,33.93,
09/04/2024,17:57:57.17,376694379,-1217488706,172352,14737,20.71,33.93,
09/04/2024,17:57:58.18,376693553,-1217487424,172499,15383,20.79,34.02,
09/04/2024,17:57:59.19,376692693,-1217486084,172574,15724,20.74,33.89,
09/04/2024,17:58:00.20,376691812,-1217484705,172573,15883,20.69,33.81,
09/04/2024,17:58:01.21,376690921,-1217483300,172728,15883,20.85,33.80,
09/04/2024,17:58:02.22,376689150,-1217480471,173150,15834,21.01,33.98,
09/04/2024,17:58:03.23,376688279,-1217479050,173412,15830,20.78,33.89,
09/04/2024,17:58:04.24,376687418,-1217477614,173661,15873,20.91,33.77,
09/04/2024,17:58:05.25,376686563,-1217476172,173793,15886,20.69,33.85,
09/04/2024,17:58:06.26,376685681,-1217474739,173836,16035,20.73,33.84,
09/04/2024,17:58:07.27,376684777,-1217473316,173904,16089,20.76,33.92,
09/04/2024,17:58:08.28,376683865,-1217471895,174014,16154,20.91,34.02,
09/04/2024,17:58:09.29,376682946,-1217470463,174467,16301,20.67,33.90,
09/04/2024,17:58:10.30,376682029,-1217469022,174737,16299,20.83,33.97,
09/04/2024,17:58:11.31,376681101,-1217467574,174717,16475,20.60,34.01,
09/04/2024,17:58:12.32,376680159,-1217466102,174860,16768,20.62,34.01,
09/04/2024,17:58:13.33,376679212,-1217464608,175056,16915,20.65,33.97,
09/04/2024,17:58:14.34,376678247,-1217463097,175184,17212,20.61,34.07,
09/04/2024,17:58:15.35,376677271,-1217461575,175068,17332,20.49,33.96,
09/04/2024,17:58:16.36,376676276,-1217460030,175203,17659,20.54,34.14,
09/04/2024,17:58:17.37,376675273,-1217458465,175330,17807,20.65,34.21,
09/04/2024,17:58:18.38,376674264,-1217456889,175527,17886,20.75,34.17,
09/04/2024,17:58:19.39,376674264,-1217453724,176036,18014,20.96,34.04,
09/04/2024,17:58:21.08,376672233,-1217452140,176302,18064,20.82,33.94,
09/04/2024,17:58:22.14,376671208,-1217450552,176414,18012,20.96,33.92,
09/04/2024,17:58:23.15,376670190,-1217448972,176712,17871,20.98,33.88,
09/04/2024,17:58:24.16,376669178,-1217447412,176877,17638,21.19,33.89,
09/04/2024,17:58:25.17,376668175,-1217445873,177066,17509,20.94,33.91,
09/04/2024,17:58:26.18,376667179,-1217444349,177199,17314,20.97,33.88,
09/04/2024,17:58:27.19,376666191,-1217442842,177364,17127,21.08,33.90,
09/04/2024,17:58:28.20,376665213,-1217441352,177467,17037,21.03,34.08,
09/04/2024,17:58:29.21,376664236,-1217439870,177607,17000,21.25,34.04,
09/04/2024,17:58:30.22,376663261,-1217438388,177736,16981,21.13,34.02,
09/04/2024,17:58:31.23,376662287,-1217436897,177857,16911,21.26,33.91,
09/04/2024,17:58:32.24,376661336,-1217435400,178130,16994,21.04,33.85,
09/04/2024,17:58:33.25,376660379,-1217433903,178405,16974,21.05,33.83,
09/04/2024,17:58:34.26,376659419,-1217432417,178655,16869,21.00,33.86,
09/04/2024,17:58:35.27,376658460,-1217430951,179014,16733,21.23,33.88,
09/04/2024,17:58:36.28,376657496,-1217429498,179026,16659,21.60,33.91,
09/04/2024,17:58:37.29,376656522,-1217428052,179162,16455,21.57,34.04,
09/04/2024,17:58:38.30,376655567,-1217426626,179383,15974,21.59,34.17,
09/04/2024,17:58:39.31,376654653,-1217425207,179337,15467,21.31,34.20,
09/04/2024,17:58:40.32,376653825,-1217423724,178967,15208,21.12,34.11,
09/04/2024,17:58:41.33,376653116,-1217422156,178823,15253,21.13,34.20,
09/04/2024,17:58:42.34,376652541,-1217420496,178733,15464,21.05,34.17,
09/04/2024,17:58:43.35,376652106,-1217420496,178796,16246,20.78,34.43,
09/04/2024,17:58:45.03,376651713,-1217416931,178796,17250,20.67,34.73,
09/04/2024,17:58:47.13,376651678,-1217413108,178619,17450,20.66,34.79,
09/04/2024,17:58:48.14,376651685,-1217411135,178794,17470,20.56,34.77,
09/04/2024,17:58:49.15,376651679,-1217409155,178877,17459,20.67,34.86,
09/04/2024,17:58:50.16,376651669,-1217407177,178972,17358,20.68,34.84,
09/04/2024,17:58:51.17,376651652,-1217405207,179092,17222,20.58,34.84,
09/04/2024,17:58:52.18,376651632,-1217403250,179270,16991,20.55,34.79,
09/04/2024,17:58:53.19,376651616,-1217401315,179395,16848,20.63,34.86,
09/04/2024,17:58:54.20,376651610,-1217399400,179541,16716,20.65,34.81,
09/04/2024,17:58:55.21,376651601,-1217397503,179536,16571,20.74,34.70,
09/04/2024,17:58:56.22,376651593,-1217395619,179612,16513,20.68,34.67,
09/04/2024,17:58:57.23,376651583,-1217393746,179537,16492,20.78,34.67,
09/04/2024,17:58:58.24,376651578,-1217391879,179657,16536,20.83,34.65,
09/04/2024,17:58:59.25,376651569,-1217390007,179786,16627,20.92,34.70,
09/04/2024,17:59:00.26,376651561,-1217388130,179972,16575,20.89,34.43,
09/04/2024,17:59:01.27,376651544,-1217386252,180050,16448,20.96,34.52,
09/04/2024,17:59:02.28,376651527,-1217384386,180162,16331,21.15,34.47,
09/04/2024,17:59:03.29,376651511,-1217382534,180237,16245,21.03,34.45,
09/04/2024,17:59:04.30,376651503,-1217380694,180309,16120,21.14,34.44,
09/04/2024,17:59:05.31,376651489,-1217378865,180390,15981,21.17,34.40,
09/04/2024,17:59:06.32,376651468,-1217377047,180476,15834,21.26,34.42,
09/04/2024,17:59:07.33,376651451,-1217375247,180584,15795,21.13,34.37,
09/04/2024,17:59:08.34,376651435,-1217373455,180770,15739,21.13,34.27,
09/04/2024,17:59:09.35,376651417,-1217371670,180911,15922,21.41,34.34,
09/04/2024,17:59:10.36,376651403,-1217369872,181052,16158,21.14,34.34,
09/04/2024,17:59:11.37,376651390,-1217368051,181206,16144,21.45,34.33,
09/04/2024,17:59:12.38,376651372,-1217366221,181401,15921,21.21,34.39,
09/04/2024,17:59:13.39,376651353,-1217364410,181557,15862,21.24,34.40,
09/04/2024,17:59:14.40,376651329,-1217362610,181706,15907,21.50,34.34,
09/04/2024,17:59:15.41,376651307,-1217360810,181816,15901,21.12,34.25,
09/04/2024,17:59:16.42,376651288,-1217359007,181886,15788,21.23,34.26,
09/04/2024,17:59:17.44,376651266,-1217357210,181991,15635,21.39,34.34,
09/04/2024,17:59:18.45,376651248,-1217355430,182151,15430,21.45,34.40,
09/04/2024,17:59:19.46,376651228,-1217353671,182296,15312,21.30,34.29,
09/04/2024,17:59:20.47,376651205,-1217351930,182433,15200,21.65,34.50,
09/04/2024,17:59:21.48,376651180,-1217350204,182633,14666,21.46,34.45,
09/04/2024,17:59:22.49,376651152,-1217348521,182732,13856,21.52,34.45,
09/04/2024,17:59:23.50,376651131,-1217346919,182928,12574,21.46,34.42,
09/04/2024,17:59:24.51,376651121,-1217345450,182990,11484,21.41,34.44,
09/04/2024,17:59:25.52,376651112,-1217344110,182970,11297,21.54,34.35,
09/04/2024,17:59:26.53,376651108,-1217342821,183091,11499,21.31,34.35,
09/04/2024,17:59:27.54,376651106,-1217341522,183120,10568,21.21,34.45,
09/04/2024,17:59:28.55,376651104,-1217340293,183121,9013,21.39,34.44,
09/04/2024,17:59:29.56,376651099,-1217339218,183109,7593,21.21,34.39,
09/04/2024,17:59:30.57,376651096,-1217338311,183099,6531,21.47,34.54,
09/04/2024,17:59:31.58,376651094,-1217337534,183072,6328,21.34,34.48,
09/04/2024,17:59:32.59,376651092,-1217336809,183093,5127,21.38,34.42,
09/04/2024,17:59:33.60,376651092,-1217336188,183157,5093,21.22,34.55,
09/04/2024,17:59:34.61,376651094,-1217335611,183200,5694,21.13,34.51,
09/04/2024,17:59:35.62,376651098,-1217334988,183237,6837,21.41,34.60,
09/04/2024,17:59:36.63,376651092,-1217334253,183216,7969,21.21,34.56,
09/04/2024,17:59:37.64,376651086,-1217333392,183299,9080,21.37,34.65,
09/04/2024,17:59:38.65,376651073,-1217332397,183351,9900,21.53,34.63,
09/04/2024,17:59:39.66,376651057,-1217331300,183380,10605,21.20,34.54,
09/04/2024,17:59:40.67,376651041,-1217330122,183583,11375,21.41,34.65,
09/04/2024,17:59:41.68,376651026,-1217328858,183667,11609,21.28,34.86,
09/04/2024,17:59:42.69,376651016,-1217327551,183779,11998,21.26,34.88,
09/04/2024,17:59:43.70,376651012,-1217326205,183836,12589,21.13,34.93,
09/04/2024,17:59:44.71,376651004,-1217324798,184012,12589,21.22,35.01,
09/04/2024,17:59:45.72,376650994,-1217321812,184440,13545,21.08,35.14,
09/04/2024,17:59:46.73,376650990,-1217320240,184513,14013,21.07,34.98,
09/04/2024,17:59:47.74,376650987,-1217318627,184632,14340,21.23,35.16,
09/04/2024,17:59:48.76,376650985,-1217316983,184756,14567,21.06,34.98,
09/04/2024,17:59:49.77,376650979,-1217315315,185053,14839,20.94,34.95,
09/04/2024,17:59:50.78,376650987,-1217313643,185192,14791,21.11,34.96,
09/04/2024,17:59:51.79,376650991,-1217311956,185394,14917,21.30,34.81,
09/04/2024,17:59:52.80,376650991,-1217310250,185439,15138,21.05,34.77,
09/04/2024,17:59:53.81,376650979,-1217308499,185272,15540,20.99,34.73,
09/04/2024,17:59:54.82,376650974,-1217306709,185314,15896,21.05,34.57,
09/04/2024,17:59:55.83,376650980,-1217304890,185416,16125,21.20,34.61,
09/04/2024,17:59:56.84,376650987,-1217303038,185602,16448,21.28,34.77,
09/04/2024,17:59:57.85,376650986,-1217301137,185854,16912,21.07,34.61,
09/04/2024,17:59:58.86,376650976,-1217299186,186119,17341,20.89,34.72,
09/04/2024,17:59:59.87,376650962,-1217297207,186458,17548,21.01,34.81,
09/04/2024,18:00:00.88,376650962,-1217293190,187010,17867,20.91,34.78,
09/04/2024,18:00:02.06,376650937,-1217291156,187278,17974,20.87,34.84,
09/04/2024,18:00:03.13,376650933,-1217289116,187604,18010,20.70,34.86,
09/04/2024,18:00:04.14,376650929,-1217287071,187846,18066,20.72,34.82,
09/04/2024,18:00:05.15,376650924,-1217285017,188009,18148,20.77,34.85,
09/04/2024,18:00:06.16,376650918,-1217282948,188153,18309,20.79,34.84,
09/04/2024,18:00:07.17,376650916,-1217280857,188248,18492,20.79,34.82,
09/04/2024,18:00:08.18,376650916,-1217278748,188323,18654,20.84,34.86,
09/04/2024,18:00:09.19,376650913,-1217276635,188209,18592,21.04,34.77,
09/04/2024,18:00:10.20,376650919,-1217274530,188172,18560,21.36,34.79,
09/04/2024,18:00:11.21,376650922,-1217272419,187954,18584,21.46,34.69,
09/04/2024,18:00:12.23,376650912,-1217270298,187666,18689,21.54,34.59,
09/04/2024,18:00:13.24,376650896,-1217268177,187697,18751,21.45,34.52,
09/04/2024,18:00:14.25,376650895,-1217266053,187683,18738,21.52,34.60,
09/04/2024,18:00:15.26,376650883,-1217263935,187740,18678,21.43,34.47,
09/04/2024,18:00:16.27,376650874,-1217261825,187794,18587,21.56,34.60,
09/04/2024,18:00:17.28,376650861,-1217259721,187868,18527,21.24,34.62,
09/04/2024,18:00:18.29,376650845,-1217257627,187903,18468,21.56,34.55,
09/04/2024,18:00:19.30,376650829,-1217255536,187901,18439,21.42,34.55,
09/04/2024,18:00:20.31,376650812,-1217253446,187990,18451,21.31,34.70,
09/04/2024,18:00:21.32,376650802,-1217251349,188021,18526,21.26,34.65,
09/04/2024,18:00:22.33,376650790,-1217249244,188120,18595,21.27,34.62,
09/04/2024,18:00:23.34,376650772,-1217247138,188176,18586,21.27,34.70,
09/04/2024,18:00:24.35,376650760,-1217245028,188313,18644,21.53,34.67,
09/04/2024,18:00:25.36,376650747,-1217242913,188484,18699,21.22,34.61,
09/04/2024,18:00:26.37,376650734,-1217240794,188636,18731,21.50,34.62,
09/04/2024,18:00:27.38,376650723,-1217238674,188763,18728,21.33,34.81,
09/04/2024,18:00:28.39,376650721,-1217236554,188971,18723,21.30,34.70,
09/04/2024,18:00:29.40,376650721,-1217234432,189242,18736,21.10,34.80,
09/04/2024,18:00:30.41,376650715,-1217232319,189415,18636,21.22,34.83,
09/04/2024,18:00:31.42,376650719,-1217230211,189439,18538,21.16,34.72,
09/04/2024,18:00:32.43,376650722,-1217228105,189592,18563,21.03,34.77,
09/04/2024,18:00:33.44,376650712,-1217225993,189678,18644,20.99,34.73,
09/04/2024,18:00:34.45,376650703,-1217223865,189944,18828,20.99,34.77,
09/04/2024,18:00:35.46,376650705,-1217221726,189781,18841,21.13,34.63,
09/04/2024,18:00:36.48,376650692,-1217219588,189872,18877,21.37,34.70,
09/04/2024,18:00:37.49,376650675,-1217217451,189880,18870,21.21,34.54,
09/04/2024,18:00:38.50,376650670,-1217215308,190131,18893,21.61,34.45,
09/04/2024,18:00:39.51,376650661,-1217213165,190380,18873,21.68,34.35,
09/04/2024,18:00:40.52,376650646,-1217211037,190591,18769,22.08,34.36,
09/04/2024,18:00:41.53,376650636,-1217208915,190880,18675,22.21,34.31,
09/04/2024,18:00:42.54,376650618,-1217206813,191657,18459,22.39,34.32,
09/04/2024,18:00:43.55,376650581,-1217204747,192897,18070,22.34,34.30,
09/04/2024,18:00:44.56,376650544,-1217202739,193967,17597,22.38,34.33,
09/04/2024,18:00:45.57,376650513,-1217200787,195099,17140,22.25,34.34,
09/04/2024,18:00:46.58,376650484,-1217198874,196173,16806,22.31,34.31,
09/04/2024,18:00:47.59,376650464,-1217196991,197233,16548,22.37,34.36,
09/04/2024,18:00:48.60,376650452,-1217195127,198113,16375,22.19,34.26,
09/04/2024,18:00:49.61,376650446,-1217193279,199085,16278,22.06,34.23,
09/04/2024,18:00:50.62,376650442,-1217191445,200019,16146,22.21,34.21,
09/04/2024,18:00:51.63,376650439,-1217189619,200956,16086,22.04,34.12,
09/04/2024,18:00:52.64,376650441,-1217187799,201934,16053,21.96,34.21,
09/04/2024,18:00:53.65,376650450,-1217185967,202947,16217,21.96,34.17,
09/04/2024,18:00:54.66,376650467,-1217184112,203883,16402,21.93,34.19,
09/04/2024,18:00:55.67,376650489,-1217182233,204959,16657,22.05,34.24,
09/04/2024,18:00:56.68,376650515,-1217180316,206130,17001,22.22,34.18,
09/04/2024,18:00:57.69,376650539,-1217178355,207120,17370,22.32,34.07,
09/04/2024,18:00:58.70,376650553,-1217176358,208228,17729,22.62,33.95,
09/04/2024,18:00:59.71,376650558,-1217174327,209259,18005,22.76,34.08,
09/04/2024,18:01:00.73,376650561,-1217172278,210066,18075,22.72,33.99,
09/04/2024,18:01:01.74,376650558,-1217170230,210969,18074,22.88,34.00,
09/04/2024,18:01:02.75,376650555,-1217170230,212068,18083,22.74,34.13,
09/04/2024,18:01:04.13,376650558,-1217166144,212508,18050,22.75,34.09,
09/04/2024,18:01:05.14,376650552,-1217164097,212921,17948,22.59,34.22,
09/04/2024,18:01:06.15,376650548,-1217162058,213387,17925,22.67,34.24,
09/04/2024,18:01:07.16,376650546,-1217160025,213825,17932,22.49,34.35,
09/04/2024,18:01:08.17,376650547,-1217157994,214245,18154,22.31,34.31,
09/04/2024,18:01:09.18,376650543,-1217155947,214640,18362,22.22,34.35,
09/04/2024,18:01:10.19,376650537,-1217153875,214935,18648,22.22,34.35,
09/04/2024,18:01:11.20,376650522,-1217151771,215179,18914,22.10,34.33,
09/04/2024,18:01:12.21,376650503,-1217149634,215496,19030,21.97,34.29,
09/04/2024,18:01:13.22,376650489,-1217147479,215592,19067,21.84,34.44,
09/04/2024,18:01:14.23,376650481,-1217145315,215683,19135,21.84,34.30,
09/04/2024,18:01:15.24,376650470,-1217143144,215685,18940,21.87,34.30,
09/04/2024,18:01:16.25,376650460,-1217140987,215526,18731,21.87,34.30,
09/04/2024,18:01:17.26,376650453,-1217138856,215320,18602,21.69,34.25,
09/04/2024,18:01:18.27,376650441,-1217136741,215320,18795,21.90,34.15,
09/04/2024,18:01:20.06,376650435,-1217132505,214862,18898,21.79,34.07,
09/04/2024,18:01:21.20,376650433,-1217130367,214451,18923,22.06,34.04,
09/04/2024,18:01:22.21,376650436,-1217128225,213983,18932,21.84,33.99,
09/04/2024,18:01:23.23,376650436,-1217126081,213415,19019,21.82,34.03,
09/04/2024,18:01:24.24,376650429,-1217123927,212773,19108,21.97,34.18,
09/04/2024,18:01:25.25,376650424,-1217121764,212231,19209,21.74,34.14,
09/04/2024,18:01:26.26,376650418,-1217119591,211755,19236,21.84,34.08,
09/04/2024,18:01:27.27,376650398,-1217117413,211405,19296,21.69,34.00,
09/04/2024,18:01:28.28,376650380,-1217115228,211100,19296,21.73,34.10,
09/04/2024,18:01:29.29,376650353,-1217110851,210795,19173,21.56,34.05,
09/04/2024,18:01:30.30,376650340,-1217108708,210670,18769,21.79,34.23,
09/04/2024,18:01:31.31,376650330,-1217106600,210622,18510,21.81,34.38,
09/04/2024,18:01:32.32,376650319,-1217104509,210486,18381,21.83,34.43,
09/04/2024,18:01:33.33,376650310,-1217102427,210451,18342,21.66,34.57,
09/04/2024,18:01:34.34,376650311,-1217100348,210364,18337,21.62,34.59,
09/04/2024,18:01:35.35,376650309,-1217098256,210309,18513,21.33,34.51,
09/04/2024,18:01:36.36,376650312,-1217096140,210186,18723,21.27,34.68,
09/04/2024,18:01:37.37,376650305,-1217094013,210103,18775,21.20,34.62,
09/04/2024,18:01:38.38,376650287,-1217091878,210019,18868,21.26,34.55,
09/04/2024,18:01:39.39,376650270,-1217089724,209902,19062,21.21,34.49,
09/04/2024,18:01:40.40,376650249,-1217087546,209718,19253,21.41,34.52,
09/04/2024,18:01:41.41,376650221,-1217085348,209594,19426,21.44,34.48,
09/04/2024,18:01:42.42,376650208,-1217083138,209586,19541,21.34,34.41,
09/04/2024,18:01:43.43,376650203,-1217080925,209553,19510,21.38,34.39,
09/04/2024,18:01:44.44,376650204,-1217078709,209592,19569,21.62,34.38,
09/04/2024,18:01:45.45,376650209,-1217076493,209564,19506,21.42,34.36,
09/04/2024,18:01:46.46,376650205,-1217074293,209619,19388,21.65,34.44,
09/04/2024,18:01:47.47,376650198,-1217072102,209646,19293,21.60,34.37,
09/04/2024,18:01:48.48,376650190,-1217069915,209690,19290,21.74,34.46,
09/04/2024,18:01:49.49,376650185,-1217067734,209726,19216,21.83,34.38,
09/04/2024,18:01:50.50,376650181,-1217065559,209727,19169,21.90,34.40,
09/04/2024,18:01:51.51,376650173,-1217063391,209810,19134,21.90,34.41,
09/04/2024,18:01:52.52,376650166,-1217061227,209870,19108,22.16,34.35,
09/04/2024,18:01:53.53,376650158,-1217059069,209969,19049,22.27,34.33,
09/04/2024,18:01:54.54,376650140,-1217056912,210140,19083,22.75,34.32,
09/04/2024,18:01:55.55,376650120,-1217054751,210259,19096,23.02,34.07,
09/04/2024,18:01:56.56,376650098,-1217052588,210401,19084,23.32,33.96,
09/04/2024,18:01:57.57,376650089,-1217050430,210600,19033,23.42,33.80,
09/04/2024,18:01:58.58,376650092,-1217048279,210824,18971,24.03,33.76,
09/04/2024,18:01:59.59,376650089,-1217046131,211062,18958,23.88,33.70,
09/04/2024,18:02:00.60,376650089,-1217043981,211305,18966,24.04,33.79,
09/04/2024,18:02:01.61,376650090,-1217041836,211583,18932,23.69,33.64,
09/04/2024,18:02:02.62,376650086,-1217039696,211726,18815,23.75,33.58,
09/04/2024,18:02:03.63,376650082,-1217037562,211979,18828,23.77,33.62,
09/04/2024,18:02:04.64,376650077,-1217035426,212252,18890,23.86,33.68,
09/04/2024,18:02:05.65,376650058,-1217033278,212367,18968,23.78,33.57,
09/04/2024,18:02:06.66,376650038,-1217031128,212638,18976,23.77,33.71,
09/04/2024,18:02:07.67,376650020,-1217028975,212785,18985,23.97,33.57,
09/04/2024,18:02:08.68,376650013,-1217026830,213046,18906,23.55,33.59,
09/04/2024,18:02:09.69,376650010,-1217024688,213239,18902,23.61,33.59,
09/04/2024,18:02:10.70,376650007,-1217022550,213370,18840,23.44,33.63,
09/04/2024,18:02:11.71,376650000,-1217020427,213629,18694,23.55,33.71,
09/04/2024,18:02:12.72,376649985,-1217018308,213886,18721,23.40,33.67,
09/04/2024,18:02:13.73,376649970,-1217016185,214082,18760,23.39,33.71,
09/04/2024,18:02:14.74,376649954,-1217014054,214293,18842,23.25,33.66,
09/04/2024,18:02:15.75,376649939,-1217011929,214520,18724,23.25,33.66,
09/04/2024,18:02:16.76,376649939,-1217007731,214936,18417,23.28,33.76,
09/04/2024,18:02:18.04,376649913,-1217005663,215146,18191,23.02,33.77,
09/04/2024,18:02:19.10,376649906,-1217003614,215349,18058,22.94,33.76,
09/04/2024,18:02:20.11,376649899,-1217001577,215581,17950,22.95,33.74,
09/04/2024,18:02:21.12,376649891,-1216999538,215762,18026,23.00,33.87,
09/04/2024,18:02:22.13,376649879,-1216997491,216007,18093,23.21,33.85,
09/04/2024,18:02:23.14,376649865,-1216995442,216192,18090,23.19,33.84,
09/04/2024,18:02:24.15,376649855,-1216993420,216407,17757,23.11,33.82,
09/04/2024,18:02:25.16,376649854,-1216991429,216600,17496,22.96,33.84,
09/04/2024,18:02:26.17,376649856,-1216989472,216791,17181,23.20,33.84,
09/04/2024,18:02:27.18,376649859,-1216987542,216908,16962,23.12,33.77,
09/04/2024,18:02:28.19,376649864,-1216985632,217041,16784,23.20,33.91,
09/04/2024,18:02:29.20,376649864,-1216983750,217223,16495,23.20,33.82,
09/04/2024,18:02:30.21,376649857,-1216981901,217417,16225,23.47,33.79,
09/04/2024,18:02:31.22,376649847,-1216980089,217604,15912,23.41,33.82,
09/04/2024,18:02:32.23,376649842,-1216978306,217811,15667,23.52,33.88,
09/04/2024,18:02:33.24,376649850,-1216976542,218037,15516,23.69,33.61,
09/04/2024,18:02:34.25,376649876,-1216974858,217964,14460,23.70,33.72,
09/04/2024,18:02:35.26,376649931,-1216973369,217931,12574,23.74,33.69,
09/04/2024,18:02:36.27,376650014,-1216972097,217882,10700,23.88,33.68,
09/04/2024,18:02:37.28,376650113,-1216971048,217947,8741,23.92,33.78,
09/04/2024,18:02:38.29,376650223,-1216970227,217778,6739,24.10,33.72,
09/04/2024,18:02:39.30,376650326,-1216969628,217657,4762,23.75,33.85,
09/04/2024,18:02:40.31,376650416,-1216969256,217650,2735,23.97,33.85,
09/04/2024,18:02:41.32,376650486,-1216969099,217623,780,23.83,33.78,
09/04/2024,18:02:42.33,376650515,-1216969072,217750,25,23.78,33.84,
09/04/2024,18:02:43.34,376650521,-1216969064,217911,43,24.12,33.99,
09/04/2024,18:02:44.35,376650523,-1216969054,218081,103,23.71,33.88,
09/04/2024,18:02:45.36,376650529,-1216969041,218047,130,23.64,33.92,
09/04/2024,18:02:46.37,376650532,-1216969027,218017,119,23.53,34.04,
09/04/2024,18:02:47.38,376650535,-1216969013,217979,114,23.46,34.07,
09/04/2024,18:02:48.39,376650540,-1216969000,217950,95,23.10,34.00,
09/04/2024,18:02:49.40,376650543,-1216968991,217934,61,23.14,33.98,
09/04/2024,18:02:50.41,376650546,-1216968933,217987,715,23.19,34.10,
09/04/2024,18:02:51.42,376650557,-1216968657,217987,3224,23.33,34.22,
09/04/2024,18:02:52.43,376650610,-1216968097,218049,5917,23.09,34.16,
09/04/2024,18:02:53.44,376650727,-1216967290,218140,8016,23.19,34.13,
09/04/2024,18:02:54.45,376650900,-1216966271,218189,9872,22.87,34.08,
09/04/2024,18:02:55.46,376651121,-1216965066,218272,11468,23.02,34.08,
09/04/2024,18:02:56.47,376651374,-1216963689,218266,12854,23.11,34.07,
09/04/2024,18:02:57.48,376651662,-1216962185,218562,13959,23.23,33.97,
09/04/2024,18:02:58.49,376651966,-1216960541,218841,14977,23.27,33.85,
09/04/2024,18:02:59.50,376652220,-1216958804,219019,15560,23.89,33.86,
09/04/2024,18:03:00.51,376652397,-1216956995,218869,16017,24.39,33.82,
09/04/2024,18:03:01.52,376652517,-1216955153,219108,16259,24.31,33.67,
09/04/2024,18:03:02.53,376652605,-1216953293,219261,16441,24.33,33.68,
09/04/2024,18:03:03.54,376652664,-1216951426,219403,16484,23.91,33.70,
09/04/2024,18:03:04.55,376652688,-1216949568,219605,16388,24.03,33.73,
09/04/2024,18:03:05.56,376652699,-1216947724,219687,16217,23.81,33.79,
09/04/2024,18:03:06.57,376652701,-1216945897,219683,16078,24.00,33.69,
09/04/2024,18:03:07.58,376652695,-1216944098,219813,15814,23.45,33.73,
09/04/2024,18:03:08.59,376652694,-1216942338,219965,15448,23.77,33.70,
09/04/2024,18:03:09.60,376652692,-1216940636,220055,14861,23.32,33.73,
09/04/2024,18:03:10.61,376652690,-1216939004,220093,14207,23.49,33.67,
09/04/2024,18:03:11.62,376652691,-1216937496,220133,12941,23.15,33.67,
09/04/2024,18:03:12.63,376652691,-1216936160,220289,11307,23.15,33.72,
09/04/2024,18:03:13.64,376652692,-1216934982,220487,10022,23.20,33.71,
09/04/2024,18:03:14.65,376652690,-1216933952,220585,8720,23.02,33.68,
09/04/2024,18:03:15.66,376652685,-1216933012,220613,8173,23.17,33.87,
09/04/2024,18:03:16.67,376652679,-1216932042,220659,8713,22.74,33.86,
09/04/2024,18:03:17.68,376652668,-1216930932,220765,10275,22.70,34.02,
09/04/2024,18:03:18.69,376652657,-1216929616,220885,12238,22.62,34.04,
09/04/2024,18:03:19.70,376652645,-1216928089,221087,14070,22.44,34.23,
09/04/2024,18:03:20.71,376652631,-1216926384,221263,15533,22.32,34.21,
09/04/2024,18:03:21.72,376652620,-1216924553,221432,16481,22.24,34.08,
09/04/2024,18:03:22.73,376652609,-1216922666,221669,16758,21.92,34.00,
09/04/2024,18:03:23.74,376652602,-1216920771,221851,16732,22.00,33.98,
09/04/2024,18:03:24.75,376652604,-1216918885,222102,16621,22.05,33.88,
09/04/2024,18:03:25.76,376652599,-1216917006,222326,16513,22.18,33.94,
09/04/2024,18:03:26.77,376652589,-1216915146,222485,16345,22.07,33.94,
09/04/2024,18:03:27.78,376652580,-1216913298,222641,16290,22.12,34.02,
09/04/2024,18:03:28.79,376652577,-1216911457,222742,16236,21.97,33.93,
09/04/2024,18:03:29.80,376652572,-1216909635,222817,16012,21.99,33.97,
09/04/2024,18:03:30.81,376652564,-1216907815,223026,16131,22.17,33.99,
09/04/2024,18:03:31.82,376652559,-1216906001,223152,15971,22.15,34.10,
09/04/2024,18:03:32.83,376652562,-1216904200,223287,15855,21.97,34.15,
09/04/2024,18:03:33.84,376652567,-1216902412,223534,15767,21.73,34.21,
09/04/2024,18:03:34.85,376652570,-1216902412,223761,14937,22.03,34.10,
09/04/2024,18:03:36.13,376652558,-1216898939,223909,14292,21.94,34.11,
09/04/2024,18:03:37.14,376652549,-1216897297,224080,13466,21.93,34.22,
09/04/2024,18:03:38.15,376652547,-1216895743,224187,12782,22.15,34.02,
09/04/2024,18:03:39.16,376652546,-1216894272,224342,12097,22.19,33.99,
09/04/2024,18:03:40.17,376652545,-1216892881,224679,11008,22.02,33.98,
09/04/2024,18:03:41.18,376652544,-1216891598,224578,10570,22.18,33.92,
09/04/2024,18:03:42.19,376652545,-1216890389,224642,11116,22.00,33.98,
09/04/2024,18:03:43.20,376652543,-1216889153,224761,12235,22.30,33.91,
09/04/2024,18:03:44.21,376652538,-1216887806,224942,13476,22.83,33.95,
09/04/2024,18:03:45.22,376652534,-1216886324,225138,14651,22.78,33.79,
09/04/2024,18:03:46.23,376652521,-1216884705,225330,15552,22.89,33.75,
09/04/2024,18:03:47.24,376652504,-1216882975,225543,16161,23.14,33.71,
09/04/2024,18:03:48.25,376652489,-1216881168,225861,16398,23.01,33.63,
09/04/2024,18:03:49.26,376652483,-1216879319,226252,16274,22.93,33.60,
09/04/2024,18:03:50.27,376652483,-1216877471,226504,16221,23.05,33.51,
09/04/2024,18:03:51.28,376652486,-1216875631,226758,16198,23.08,33.49,
09/04/2024,18:03:52.29,376652497,-1216873794,227013,16157,23.21,33.50,
09/04/2024,18:03:53.30,376652513,-1216871962,227307,16003,23.35,33.43,
09/04/2024,18:03:54.31,376652528,-1216870143,227592,15806,23.39,33.51,
09/04/2024,18:03:55.32,376652539,-1216868345,227936,15444,23.72,33.61,
09/04/2024,18:03:56.33,376652549,-1216866584,227936,14585,23.80,33.50,
09/04/2024,18:03:58.12,376652503,-1216863208,228416,14384,24.11,33.59,
09/04/2024,18:03:59.13,376652316,-1216861575,228432,14250,23.89,33.45,
09/04/2024,18:04:00.17,376651949,-1216860029,228696,14481,23.74,33.42,
09/04/2024,18:04:01.18,376651387,-1216858569,229010,14635,23.96,33.32,
09/04/2024,18:04:02.19,376650642,-1216857235,229553,15242,23.81,33.28,
09/04/2024,18:04:03.20,376649729,-1216855971,229683,15242,23.95,33.15,
09/04/2024,18:04:04.21,376647666,-1216853526,230176,15826,24.28,33.16,
09/04/2024,18:04:05.22,376646634,-1216852331,230530,15493,24.39,33.14,
09/04/2024,18:04:06.23,376645671,-1216851125,230596,14898,24.67,33.16,
09/04/2024,18:04:07.24,376644816,-1216849873,230692,14430,24.80,33.05,
09/04/2024,18:04:08.25,376644105,-1216848515,230765,14368,25.33,32.92,
09/04/2024,18:04:09.26,376643536,-1216847041,230824,14538,25.41,32.94,
09/04/2024,18:04:10.27,376643081,-1216845479,230912,14784,25.43,32.91,
09/04/2024,18:04:11.28,376642712,-1216843856,231355,14977,25.94,32.88,
09/04/2024,18:04:12.29,376642363,-1216842196,231773,15164,26.01,32.82,
09/04/2024,18:04:13.30,376642011,-1216840520,232086,15303,25.82,32.81,
09/04/2024,18:04:14.31,376641675,-1216838859,232273,15036,25.57,32.87,
09/04/2024,18:04:15.32,376641346,-1216837219,232481,14802,25.67,32.92,
09/04/2024,18:04:16.33,376641038,-1216835583,232033,14542,25.33,32.76,
09/04/2024,18:04:17.34,376640743,-1216834025,231932,13767,25.43,32.89,
09/04/2024,18:04:18.35,376640459,-1216832589,231980,12683,25.51,32.81,
09/04/2024,18:04:19.36,376640195,-1216831260,231908,11645,25.85,32.86,
09/04/2024,18:04:20.37,376639960,-1216830045,232123,10647,25.80,32.72,
09/04/2024,18:04:21.38,376639732,-1216828881,232320,10555,25.58,32.84,
09/04/2024,18:04:22.39,376639492,-1216827677,232523,11100,25.32,32.81,
09/04/2024,18:04:23.40,376639232,-1216826365,232689,12263,25.12,32.89,
09/04/2024,18:04:24.41,376638945,-1216824921,232704,13407,24.79,32.96,
09/04/2024,18:04:25.42,376638645,-1216823363,232910,14399,24.61,33.01,
09/04/2024,18:04:26.43,376638645,-1216820069,233149,15119,24.08,33.12,
09/04/2024,18:04:28.11,376638017,-1216818421,233430,14925,23.93,33.14,
09/04/2024,18:04:29.12,376637693,-1216816801,233564,14640,23.83,33.26,
09/04/2024,18:04:30.13,376637367,-1216815223,233762,14207,23.58,33.26,
09/04/2024,18:04:31.14,376637061,-1216813701,233851,13665,23.39,33.30,
09/04/2024,18:04:32.15,376636759,-1216812238,234130,13135,23.08,33.40,
09/04/2024,18:04:33.16,376636474,-1216810830,234360,12582,23.07,33.27,
09/04/2024,18:04:34.17,376636208,-1216809492,234785,11918,22.95,33.38,
09/04/2024,18:04:35.18,376635961,-1216808228,235153,11285,22.88,33.41,
09/04/2024,18:04:36.19,376635712,-1216807035,235330,10649,22.97,33.34,
09/04/2024,18:04:37.20,376635472,-1216805928,235562,9816,22.88,33.34,
09/04/2024,18:04:38.21,376635247,-1216804864,235729,9606,22.76,33.33,
09/04/2024,18:04:39.22,376635033,-1216803774,235824,10054,22.81,33.37,
09/04/2024,18:04:40.23,376634814,-1216802600,235921,10967,22.98,33.35,
09/04/2024,18:04:41.24,376634575,-1216801308,236008,12118,22.80,33.36,
09/04/2024,18:04:42.25,376634312,-1216799887,236177,13271,22.93,33.49,
09/04/2024,18:04:43.26,376634029,-1216798349,236315,14295,22.61,33.43,
09/04/2024,18:04:44.27,376633714,-1216796746,236535,14724,22.89,33.46,
09/04/2024,18:04:45.28,376633389,-1216795125,236792,14714,22.83,33.44,
09/04/2024,18:04:46.29,376633070,-1216793518,236922,14554,22.77,33.45,
09/04/2024,18:04:47.30,376632751,-1216791910,237087,14649,23.07,33.46,
09/04/2024,18:04:48.31,376632427,-1216790291,237240,14763,22.84,33.53,
09/04/2024,18:04:49.32,376632097,-1216788659,237429,14883,23.04,33.56,
09/04/2024,18:04:50.33,376631766,-1216787009,237636,15018,22.69,33.50,
09/04/2024,18:04:51.34,376631440,-1216785360,237739,14909,22.81,33.47,
09/04/2024,18:04:52.35,376631124,-1216783705,237893,14933,22.67,33.41,
09/04/2024,18:04:53.36,376630830,-1216782043,238188,15014,22.60,33.52,
09/04/2024,18:04:54.37,376630552,-1216780359,238278,15105,22.61,33.52,
09/04/2024,18:04:55.38,376630315,-1216778653,238462,15261,22.59,33.52,
09/04/2024,18:04:56.39,376630120,-1216776930,238610,15316,22.60,33.63,
09/04/2024,18:04:57.40,376629983,-1216775205,239008,15362,22.62,33.64,
09/04/2024,18:04:58.41,376629915,-1216773471,239304,15364,22.73,33.67,
09/04/2024,18:04:59.42,376629922,-1216771750,239827,15389,22.55,33.56,
09/04/2024,18:05:00.43,376630010,-1216770019,240170,15418,22.47,33.71,
09/04/2024,18:05:01.44,376630155,-1216768283,240399,15543,22.32,33.72,
09/04/2024,18:05:02.45,376630346,-1216766534,240452,15697,22.23,33.91,
09/04/2024,18:05:03.46,376630570,-1216764772,240408,15804,22.32,34.04,
09/04/2024,18:05:04.47,376630807,-1216762993,240404,15976,22.06,33.76,
09/04/2024,18:05:05.48,376631050,-1216761205,240419,16014,22.15,33.89,
09/04/2024,18:05:06.49,376631272,-1216759412,240496,15881,22.13,33.89,
09/04/2024,18:05:07.50,376631432,-1216757625,240538,15774,22.03,33.83,
09/04/2024,18:05:08.51,376631537,-1216755850,240706,15640,22.12,33.79,
09/04/2024,18:05:09.52,376631598,-1216754083,241015,15609,22.19,33.73,
09/04/2024,18:05:10.53,376631596,-1216752317,241109,15614,22.07,33.68,
09/04/2024,18:05:11.54,376631507,-1216750559,241110,15598,22.23,33.54,
09/04/2024,18:05:12.55,376631334,-1216748815,241102,15618,22.19,33.61,
09/04/2024,18:05:13.56,376631066,-1216747097,241249,15662,22.37,33.56,
09/04/2024,18:05:14.57,376630719,-1216745395,241259,15714,22.25,33.53,
09/04/2024,18:05:15.58,376630308,-1216743724,241431,15585,22.17,33.53,
09/04/2024,18:05:16.59,376629848,-1216742093,241592,15428,22.49,33.49,
09/04/2024,18:05:17.60,376629341,-1216740507,241822,15461,22.60,33.42,
09/04/2024,18:05:18.61,376628756,-1216738973,242094,15463,22.73,33.46,
09/04/2024,18:05:19.62,376628089,-1216737502,242518,15344,22.94,33.47,
09/04/2024,18:05:20.63,376627354,-1216736091,242700,15175,23.08,33.29,
09/04/2024,18:05:21.63,376626566,-1216734711,242960,15192,23.23,33.34,
09/04/2024,18:05:22.64,376625745,-1216733369,243469,15354,23.21,33.24,
09/04/2024,18:05:23.65,376624880,-1216732072,243734,15379,23.11,33.32,
09/04/2024,18:05:24.66,376623964,-1216730854,244106,15184,23.14,33.32,
09/04/2024,18:05:25.67,376622995,-1216729712,244215,15118,23.25,33.14,
09/04/2024,18:05:26.68,376621985,-1216728602,244431,15145,23.17,33.12,
09/04/2024,18:05:27.69,376620952,-1216727517,244660,15136,23.47,33.22,
09/04/2024,18:05:28.70,376619898,-1216726443,244845,15001,23.53,33.12,
09/04/2024,18:05:29.71,376618852,-1216725382,245120,14607,23.66,33.04,
09/04/2024,18:05:30.72,376617831,-1216724345,245290,14308,23.85,33.21,
09/04/2024,18:05:31.73,376616831,-1216723331,245678,13956,23.76,33.27,
09/04/2024,18:05:32.74,376615856,-1216722354,245835,13679,23.67,33.28,
09/04/2024,18:05:33.75,376614894,-1216721464,246144,12158,23.49,33.20,
09/04/2024,18:05:34.76,376614006,-1216720707,246320,10124,23.64,33.15,
09/04/2024,18:05:35.77,376613253,-1216720083,246541,8296,23.77,33.19,
09/04/2024,18:05:36.78,376612632,-1216719534,246789,7534,24.14,33.14,
09/04/2024,18:05:37.79,376612086,-1216719004,246960,7458,24.37,33.17,
09/04/2024,18:05:38.80,376611561,-1216718468,247265,7682,24.60,33.03,
09/04/2024,18:05:39.81,376611026,-1216717907,247502,7995,24.82,32.99,
09/04/2024,18:05:40.82,376610470,-1216717317,247790,8474,24.82,32.96,
09/04/2024,18:05:41.83,376609885,-1216716683,248127,9168,24.82,32.90,
09/04/2024,18:05:42.84,376609253,-1216716001,248522,9820,24.70,32.89,
09/04/2024,18:05:43.85,376608575,-1216715278,248950,10433,24.58,32.82,
09/04/2024,18:05:44.86,376607853,-1216714514,249353,10975,24.44,32.93,
09/04/2024,18:05:45.87,376607092,-1216713726,249799,11177,24.25,32.86,
09/04/2024,18:05:46.88,376606311,-1216712926,250191,11216,24.05,32.83,
09/04/2024,18:05:47.89,376605524,-1216712109,250798,11326,23.75,32.83,
09/04/2024,18:05:48.90,376604742,-1216711290,251250,11470,23.91,32.86,
09/04/2024,18:05:49.91,376603942,-1216710481,251690,11256,23.94,32.87,
09/04/2024,18:05:50.92,376603150,-1216709698,251984,10670,23.99,32.96,
09/04/2024,18:05:51.93,376602393,-1216708959,252322,10115,23.67,32.90,
09/04/2024,18:05:52.94,376601676,-1216708265,252648,9621,23.74,32.98,
09/04/2024,18:05:53.95,376600992,-1216707553,252995,10120,23.84,33.01,
09/04/2024,18:05:54.96,376600296,-1216706774,253281,11310,23.82,32.94,
09/04/2024,18:05:55.97,376599529,-1216705881,253530,13169,23.68,33.01,
09/04/2024,18:05:56.98,376598644,-1216704873,253809,14839,23.69,32.93,
09/04/2024,18:05:57.99,376597633,-1216703763,254049,16162,23.60,32.92,
09/04/2024,18:05:59.00,376596519,-1216702598,254329,16857,23.38,32.83,
09/04/2024,18:06:00.01,376595339,-1216700230,254745,16759,23.34,32.95,
09/04/2024,18:06:01.06,376592973,-1216699065,254786,16785,23.34,33.08,
09/04/2024,18:06:02.12,376591778,-1216697938,254991,16886,23.25,33.12,
09/04/2024,18:06:03.13,376590555,-1216696885,255274,16834,23.24,33.12,
09/04/2024,18:06:04.14,376589295,-1216695910,255620,16867,23.30,33.14,
09/04/2024,18:06:05.15,376587996,-1216694993,255896,17042,23.09,33.06,
09/04/2024,18:06:06.16,376586654,-1216694156,256115,17244,23.24,33.08,
09/04/2024,18:06:07.17,376585262,-1216693409,256300,17489,23.40,33.16,
09/04/2024,18:06:08.18,376583816,-1216692775,256503,17663,23.34,33.14,
09/04/2024,18:06:09.19,376582313,-1216692257,256910,17807,23.10,33.14,
09/04/2024,18:06:10.20,376580769,-1216691837,257095,17976,23.16,32.95,
09/04/2024,18:06:11.21,376579191,-1216691472,257197,18129,23.15,33.02,
09/04/2024,18:06:12.22,376577587,-1216691161,257395,18258,23.22,33.05,
09/04/2024,18:06:13.23,376575965,-1216690885,257561,18124,23.42,32.98,
09/04/2024,18:06:14.24,376574343,-1216690606,257794,17790,23.35,32.86,
09/04/2024,18:06:15.25,376572745,-1216690318,258073,17554,23.44,32.93,
09/04/2024,18:06:16.26,376571173,-1216690061,258284,17647,23.51,33.00,
09/04/2024,18:06:17.27,376569597,-1216689810,258482,17307,23.51,32.95,
09/04/2024,18:06:18.28,376568042,-1216689575,259055,16712,23.67,32.95,
09/04/2024,18:06:19.29,376566531,-1216689325,259241,15839,23.82,33.02,
09/04/2024,18:06:20.30,376565094,-1216689111,259568,14632,23.56,32.97,
09/04/2024,18:06:21.31,376563753,-1216688917,259669,13874,23.51,33.01,
09/04/2024,18:06:22.32,376562492,-1216688726,259721,12925,23.41,32.93,
09/04/2024,18:06:23.33,376561312,-1216688548,259760,12011,23.71,32.99,
09/04/2024,18:06:24.34,376560215,-1216688387,259936,10904,23.72,33.08,
09/04/2024,18:06:25.35,376559212,-1216688243,260085,10464,23.72,33.03,
09/04/2024,18:06:26.36,376558267,-1216688099,260275,9833,23.71,32.93,
09/04/2024,18:06:27.37,376557373,-1216687950,260418,10635,23.84,33.00,
09/04/2024,18:06:28.38,376556445,-1216687768,260550,12773,23.79,32.82,
09/04/2024,18:06:29.38,376555361,-1216687553,260798,15343,23.77,32.92,
09/04/2024,18:06:30.39,376554056,-1216687301,260991,17545,23.61,32.92,
09/04/2024,18:06:31.40,376552548,-1216687032,261331,18273,23.69,33.04,
09/04/2024,18:06:32.41,376550936,-1216686758,261817,18383,23.76,32.81,
09/04/2024,18:06:33.42,376549299,-1216686478,262244,18061,23.72,32.89,
09/04/2024,18:06:34.43,376547680,-1216686219,262689,17721,23.62,32.81,
09/04/2024,18:06:35.44,376546088,-1216685964,263117,17242,23.54,32.83,
09/04/2024,18:06:36.45,376544539,-1216685716,263616,16956,23.79,32.75,
09/04/2024,18:06:37.46,376543018,-1216685451,263989,16833,24.04,32.87,
09/04/2024,18:06:38.47,376541516,-1216685186,264317,16794,23.82,33.00,
09/04/2024,18:06:39.48,376540021,-1216684911,264793,16777,23.94,32.91,
09/04/2024,18:06:40.49,376538529,-1216684594,265267,16548,23.83,32.89,
09/04/2024,18:06:41.50,376537055,-1216684211,265894,16339,23.83,32.93,
09/04/2024,18:06:42.51,376535614,-1216683743,266497,15945,23.88,32.88,
09/04/2024,18:06:43.52,376534234,-1216683126,267052,15864,23.66,32.72,
09/04/2024,18:06:44.53,376532945,-1216682424,267601,15913,23.79,32.72,
09/04/2024,18:06:45.54,376531694,-1216681626,268046,16113,23.73,32.75,
09/04/2024,18:06:46.55,376530414,-1216680652,268595,16297,23.82,32.62,
09/04/2024,18:06:47.56,376529175,-1216680652,269488,16776,23.84,32.69,
09/04/2024,18:06:49.14,376526892,-1216678239,270095,16857,23.80,32.75,
09/04/2024,18:06:50.15,376525852,-1216676875,270314,16788,23.85,32.62,
09/04/2024,18:06:51.16,376524881,-1216675381,270644,16691,23.93,32.79,
09/04/2024,18:06:52.17,376524035,-1216673830,270979,16583,23.83,32.74,
09/04/2024,18:06:53.18,376523229,-1216672253,271256,16430,23.76,32.80,
09/04/2024,18:06:54.19,376522454,-1216670668,271488,16179,23.38,32.78,
09/04/2024,18:06:55.20,376521688,-1216669102,271739,15853,23.43,32.72,
09/04/2024,18:06:56.21,376520951,-1216667573,271902,14738,23.39,32.74,
09/04/2024,18:06:57.21,376520249,-1216666131,271902,12154,23.55,32.91,
09/04/2024,18:06:59.10,376519021,-1216663558,272380,10507,23.56,32.83,
09/04/2024,18:07:00.11,376518508,-1216662485,272518,9118,23.47,32.89,
09/04/2024,18:07:01.12,376518061,-1216661569,272654,9355,23.46,32.81,
09/04/2024,18:07:02.13,376517642,-1216660686,272750,11113,23.40,32.83,
09/04/2024,18:07:03.14,376517162,-1216659673,273004,13654,23.26,32.74,
09/04/2024,18:07:04.15,376516570,-1216658438,273287,16164,23.51,32.86,
09/04/2024,18:07:05.16,376515859,-1216656957,273540,18143,23.45,32.81,
09/04/2024,18:07:06.17,376515044,-1216655271,274122,18956,23.40,32.95,
09/04/2024,18:07:07.18,376514174,-1216653463,274738,18828,23.43,32.92,
09/04/2024,18:07:08.19,376513303,-1216651639,275328,18499,23.24,32.92,
09/04/2024,18:07:09.20,376512438,-1216649851,276247,18079,23.35,33.12,
09/04/2024,18:07:10.21,376511574,-1216648100,277073,17853,23.04,33.05,
09/04/2024,18:07:11.22,376510741,-1216646368,277911,17767,22.98,32.94,
09/04/2024,18:07:12.23,376509916,-1216644646,278388,17479,23.18,33.05,
09/04/2024,18:07:13.24,376509099,-1216642943,278906,16826,23.11,33.02,
09/04/2024,18:07:14.24,376508314,-1216641274,279269,16205,22.96,32.99,
09/04/2024,18:07:15.25,376507584,-1216639648,279597,15591,23.12,33.05,
09/04/2024,18:07:16.26,376506922,-1216638055,279819,15429,22.85,32.89,
09/04/2024,18:07:17.27,376506354,-1216636447,280064,15379,23.00,32.94,
09/04/2024,18:07:18.28,376505896,-1216634797,280298,15300,23.08,32.95,
09/04/2024,18:07:19.29,376505551,-1216633113,280584,15254,22.98,32.91,
09/04/2024,18:07:20.30,376505331,-1216631399,280598,15254,23.02,32.99,
09/04/2024,18:07:21.31,376505142,-1216627976,281194,15058,22.89,33.08,
09/04/2024,18:07:22.32,376505080,-1216626268,281404,15072,23.02,33.09,
09/04/2024,18:07:23.33,376505009,-1216624564,281504,14986,22.90,33.06,
09/04/2024,18:07:24.34,376504954,-1216622874,281747,14820,22.85,33.06,
09/04/2024,18:07:25.35,376504911,-1216621216,281943,14510,22.87,33.02,
09/04/2024,18:07:26.36,376504890,-1216619612,282685,14160,22.98,33.03,
09/04/2024,18:07:27.37,376504866,-1216618039,283266,13728,22.96,33.00,
09/04/2024,18:07:28.38,376504846,-1216616526,283955,13202,23.17,33.02,
09/04/2024,18:07:29.39,376504819,-1216615100,284575,12371,23.08,33.02,
09/04/2024,18:07:30.40,376504787,-1216613770,285134,11457,22.97,33.06,
09/04/2024,18:07:31.41,376504774,-1216612550,285657,10435,22.88,32.98,
09/04/2024,18:07:32.42,376504782,-1216611444,286117,9457,22.94,33.00,
09/04/2024,18:07:33.43,376504787,-1216610450,286527,8468,22.94,32.96,
09/04/2024,18:07:34.44,376504790,-1216609585,286784,7258,23.05,33.08,
09/04/2024,18:07:35.44,376504801,-1216608858,286988,6070,22.69,33.00,
09/04/2024,18:07:36.45,376504896,-1216608293,287222,4789,22.97,33.18,
09/04/2024,18:07:37.46,376505065,-1216607878,287255,3939,22.85,33.08,
09/04/2024,18:07:38.47,376505293,-1216607584,287424,3614,22.79,33.05,
09/04/2024,18:07:39.48,376505546,-1216607360,287261,3443,22.80,33.08,
09/04/2024,18:07:40.49,376505855,-1216607223,287294,3868,22.91,33.06,
09/04/2024,18:07:41.50,376506202,-1216607149,286978,3882,22.85,33.05,
09/04/2024,18:07:42.51,376506566,-1216607114,286694,4137,22.89,33.17,
09/04/2024,18:07:43.52,376506968,-1216607104,286561,4601,22.86,33.17,
09/04/2024,18:07:44.53,376507364,-1216607083,286009,4544,22.80,33.25,
09/04/2024,18:07:45.54,376507753,-1216607081,285725,4472,22.83,33.18,
09/04/2024,18:07:46.55,376508142,-1216607079,285726,4376,22.89,33.25,
09/04/2024,18:07:47.56,376508527,-1216607068,285410,4276,22.84,33.21,
09/04/2024,18:07:48.57,376508902,-1216607064,285261,4184,22.88,33.14,
09/04/2024,18:07:49.58,376508902,-1216607066,285060,4271,22.90,33.17,
09/04/2024,18:07:51.06,376509652,-1216607065,284823,4320,22.89,33.13,
09/04/2024,18:07:52.12,376510034,-1216607067,284703,4407,22.83,33.13,
09/04/2024,18:07:53.13,376510426,-1216607062,284683,4390,22.89,33.12,
09/04/2024,18:07:54.14,376510819,-1216607054,284613,4452,23.10,33.15,
09/04/2024,18:07:55.15,376511216,-1216607051,284510,4463,22.98,33.10,
09/04/2024,18:07:56.16,376511622,-1216607039,284471,4644,23.00,33.05,
09/04/2024,18:07:57.17,376512039,-1216607034,283964,4854,23.06,33.13,
09/04/2024,18:07:58.18,376512464,-1216607022,283487,5046,22.98,33.10,
09/04/2024,18:07:59.19,376512906,-1216607007,283064,5115,22.98,33.16,
09/04/2024,18:08:00.20,376513358,-1216607008,283159,5097,22.92,33.10,
09/04/2024,18:08:01.21,376513814,-1216607018,283245,4997,22.99,33.17,
09/04/2024,18:08:02.22,376514264,-1216607024,282988,4904,22.86,33.18,
09/04/2024,18:08:03.23,376514705,-1216607032,282586,4867,23.04,33.21,
09/04/2024,18:08:04.24,376515144,-1216607032,282376,4826,22.80,33.12,
09/04/2024,18:08:05.25,376515574,-1216607039,282240,4740,22.90,33.08,
09/04/2024,18:08:06.26,376516011,-1216607050,282218,4900,23.19,33.18,
09/04/2024,18:08:07.27,376516445,-1216607065,282285,5088,22.86,33.06,
09/04/2024,18:08:08.28,376516895,-1216607083,282339,5139,22.80,32.95,
09/04/2024,18:08:09.28,376517354,-1216607095,282411,5061,23.01,33.03,
09/04/2024,18:08:10.29,376517811,-1216607098,282531,4965,22.96,33.04,
09/04/2024,18:08:11.30,376518261,-1216607101,282731,4847,22.89,33.00,
09/04/2024,18:08:12.31,376518700,-1216607104,282802,4814,23.02,32.94,
09/04/2024,18:08:13.32,376519135,-1216607103,282992,4858,22.84,32.99,
09/04/2024,18:08:14.33,376519572,-1216607099,283079,4808,22.98,32.94,
09/04/2024,18:08:15.34,376520007,-1216607096,282998,4838,22.90,32.95,
09/04/2024,18:08:16.35,376520438,-1216607104,282982,4808,22.98,32.98,
09/04/2024,18:08:17.36,376520871,-1216607107,283072,4883,23.02,33.04,
09/04/2024,18:08:18.37,376521306,-1216607098,283204,4974,23.06,32.95,
09/04/2024,18:08:19.38,376521750,-1216607083,283397,5032,23.08,33.04,
09/04/2024,18:08:20.39,376522197,-1216607062,283530,5113,22.98,32.99,
09/04/2024,18:08:21.40,376522653,-1216607038,283650,5078,23.07,33.05,
09/04/2024,18:08:22.41,376523108,-1216607009,283886,5048,22.97,33.02,
09/04/2024,18:08:23.42,376523561,-1216606972,284104,5103,23.11,33.02,
09/04/2024,18:08:24.43,376524015,-1216606939,284295,5145,23.02,32.98,
09/04/2024,18:08:25.44,376524475,-1216606905,284426,5159,23.03,32.96,
09/04/2024,18:08:26.45,376524935,-1216606886,284340,5043,22.99,33.00,
09/04/2024,18:08:27.46,376525388,-1216606886,284629,4613,23.11,32.93,
09/04/2024,18:08:29.14,376526239,-1216606898,284713,4946,23.05,32.93,
09/04/2024,18:08:30.15,376526680,-1216606917,284623,5098,23.24,32.98,
09/04/2024,18:08:31.16,376527140,-1216606955,284587,5278,23.23,32.85,
09/04/2024,18:08:32.17,376527614,-1216607004,284420,5521,23.23,32.78,
09/04/2024,18:08:33.18,376528107,-1216607054,284397,5745,23.36,32.99,
09/04/2024,18:08:34.19,376528619,-1216607096,284168,5728,22.96,32.81,
09/04/2024,18:08:35.20,376529133,-1216607127,284057,5695,23.11,32.89,
09/04/2024,18:08:36.21,376529650,-1216607144,284057,5459,23.03,32.82,
09/04/2024,18:08:38.10,376530654,-1216607159,283869,5456,23.30,32.89,
09/04/2024,18:08:39.11,376531143,-1216607166,283768,5476,23.08,32.86,
09/04/2024,18:08:40.12,376531635,-1216607176,283597,5629,23.19,32.83,
09/04/2024,18:08:41.13,376532140,-1216607183,283445,5866,23.23,32.84,
09/04/2024,18:08:42.14,376532668,-1216607202,283269,5900,23.16,32.84,
09/04/2024,18:08:43.15,376533200,-1216607215,283160,5961,23.58,32.93,
09/04/2024,18:08:44.22,376533737,-1216607203,283216,5841,23.67,32.87,
09/04/2024,18:08:45.23,376534270,-1216607206,283374,5705,23.60,32.81,
09/04/2024,18:08:46.23,376534787,-1216607197,283318,5712,23.47,32.84,
09/04/2024,18:08:47.24,376535303,-1216607192,283446,5699,23.42,32.85,
09/04/2024,18:08:48.25,376535820,-1216607195,283296,5654,23.49,32.81,
09/04/2024,18:08:49.26,376536325,-1216607172,283150,5679,23.40,32.89,
09/04/2024,18:08:50.27,376536830,-1216607154,282782,5777,23.42,32.84,
09/04/2024,18:08:51.28,376537343,-1216607140,282541,5777,23.25,32.81,
09/04/2024,18:08:52.29,376538389,-1216607139,282349,5844,23.54,32.73,
09/04/2024,18:08:53.30,376538911,-1216607147,282158,5792,23.59,32.76,
09/04/2024,18:08:54.31,376539417,-1216607156,281980,5608,23.51,32.82,
09/04/2024,18:08:55.32,376539910,-1216607167,281786,5457,23.48,32.62,
09/04/2024,18:08:56.33,376540395,-1216607175,281672,5376,23.49,32.65,
09/04/2024,18:08:57.34,376540884,-1216607183,281584,5487,23.50,32.61,
09/04/2024,18:08:58.35,376540884,-1216607203,281762,5553,23.65,32.70,
09/04/2024,18:09:00.14,376541876,-1216607209,281971,5699,23.65,32.66,
09/04/2024,18:09:01.15,376542385,-1216607213,282222,5825,23.45,32.70,
09/04/2024,18:09:02.16,376542906,-1216607216,282358,5933,23.54,32.71,
09/04/2024,18:09:03.17,376543437,-1216607225,282434,5908,23.60,32.80,
09/04/2024,18:09:04.18,376543969,-1216607236,282553,5707,23.70,32.75,
09/04/2024,18:09:05.19,376544489,-1216607248,282597,5487,23.48,32.82,
09/04/2024,18:09:06.20,376544988,-1216607263,282631,5236,23.43,32.75,
09/04/2024,18:09:07.21,376545466,-1216607276,282854,5183,23.42,32.71,
09/04/2024,18:09:08.22,376545933,-1216607291,282920,5169,23.45,32.68,
09/04/2024,18:09:09.23,376546407,-1216607327,282983,5225,23.55,32.73,
09/04/2024,18:09:10.24,376546891,-1216607341,283038,5350,23.43,32.73,
09/04/2024,18:09:11.25,376547375,-1216607360,283119,5441,23.57,32.68,
09/04/2024,18:09:12.26,376547873,-1216607362,283114,5330,23.65,32.72,
09/04/2024,18:09:13.27,376548362,-1216607359,283048,5099,23.37,32.59,
09/04/2024,18:09:14.27,376548826,-1216607360,283040,4767,23.43,32.71,
09/04/2024,18:09:15.28,376549261,-1216607360,283162,3975,23.64,32.73,
09/04/2024,18:09:17.07,376550030,-1216607373,283290,3834,23.34,32.61,
09/04/2024,18:09:18.13,376550382,-1216607378,283400,3709,23.49,32.73,
09/04/2024,18:09:19.14,376550723,-1216607384,283596,3489,23.45,32.64,
09/04/2024,18:09:20.15,376551040,-1216607379,283796,3093,23.63,32.71,
09/04/2024,18:09:21.16,376551325,-1216607395,283844,2823,23.49,32.68,
09/04/2024,18:09:22.17,376551580,-1216607473,284094,2363,23.48,32.63,
09/04/2024,18:09:23.18,376551774,-1216607615,284022,1645,23.50,32.72,
09/04/2024,18:09:24.22,376551907,-1216607749,284044,1389,23.52,32.73,
09/04/2024,18:09:25.23,376552000,-1216607871,283946,1241,23.38,32.82,
09/04/2024,18:09:26.24,376552074,-1216607979,284116,1421,23.45,32.79,
09/04/2024,18:09:27.25,376552150,-1216608112,284115,2188,23.53,32.80,
09/04/2024,18:09:28.26,376552258,-1216608295,284015,3082,23.40,32.89,
09/04/2024,18:09:29.27,376552404,-1216608562,284015,4023,23.56,32.72,
09/04/2024,18:09:31.06,376552803,-1216609235,283675,3996,23.27,32.67,
09/04/2024,18:09:32.12,376553048,-1216609565,283552,3946,23.27,32.67,
09/04/2024,18:09:33.13,376553312,-1216609873,283426,3784,23.35,32.71,
09/04/2024,18:09:34.14,376553573,-1216610162,283227,3658,23.33,32.66,
09/04/2024,18:09:35.15,376553813,-1216610451,283070,3358,23.47,32.65,
09/04/2024,18:09:36.16,376554007,-1216610741,282852,3161,23.58,32.64,
09/04/2024,18:09:37.17,376554160,-1216611067,282852,2794,23.40,32.64,
09/04/2024,18:09:38.18,376554240,-1216611383,282776,2198,23.45,32.65,
09/04/2024,18:09:39.19,376554259,-1216611649,282686,1871,23.55,32.67,
09/04/2024,18:09:40.20,376554232,-1216611868,282592,1711,23.52,32.79,
09/04/2024,18:09:41.21,376554174,-1216612055,282451,1557,23.31,32.67,
09/04/2024,18:09:42.22,376554096,-1216612207,282320,771,23.40,32.79,
09/04/2024,18:09:43.23,376554042,-1216612295,282222,435,23.47,32.74,
09/04/2024,18:09:44.24,376554012,-1216612340,282161,35,23.43,32.74,
09/04/2024,18:09:45.25,376554002,-1216612348,282078,15,23.36,32.75,
09/04/2024,18:09:46.26,376554001,-1216612343,282044,13,23.30,32.83,
09/04/2024,18:09:47.26,376554005,-1216612338,282027,11,23.28,32.83,
09/04/2024,18:09:48.27,376554009,-1216612336,281967,11,23.47,32.83,
09/04/2024,18:09:49.28,376554019,-1216612331,281816,17,23.36,32.74,
09/04/2024,18:09:50.29,376554025,-1216612334,281660,11,23.42,32.96,
09/04/2024,18:09:51.30,376554030,-1216612334,281636,11,23.32,32.92,
09/04/2024,18:09:52.31,376554035,-1216612335,281609,17,23.22,33.03,
09/04/2024,18:09:53.32,376554039,-1216612334,281582,9,23.37,33.00,
09/04/2024,18:09:54.33,376554046,-1216612334,281640,6,23.01,32.98,
09/04/2024,18:09:55.34,376554060,-1216612336,281848,19,23.27,33.12,
09/04/2024,18:09:56.35,376554078,-1216612344,282124,18,23.37,33.13,
